9.9139	4.23264	4.84559	-0.919667	0.301866	3.08167	-2.281	-2.23458	4.32936
9.63991	5.4591	5.98723	-0.525033	-1.00774	-2.03403	-5.54404	-6.63472	-16.0907
0.385413	4.15452	7.16728	-1.01405	-0.658806	1.4534	-2.10855	-2.69153	-3.08676
7.23897	4.4409	4.85331	-2.18584	-0.916854	0.257919	-15.6223	9.97804	1.52505
3.72201	1.06876	3.66704	1.49854	-0.80683	-2.0294	-17.6983	-36.3248	45.0266
6.10924	8.37907	2.33413	0.6646	0.107398	-1.32729	35.3837	14.4499	22.7352
0.373853	9.24481	3.81309	-0.690863	-0.449654	-0.640918	0.96059	-3.83317	-1.45175
5.46235	0.0726025	4.60467	-1.51422	-0.560938	0.0783798	-12.6896	13.0466	-37.1974
3.07356	5.94872	6.55209	0.712744	0.779944	-1.44033	-10.1705	-3.33818	3.74745
0.325872	8.60868	9.77366	0.358608	-0.789722	0.954412	-6.3114	17.6653	-10.2288
1.80747	2.34938	0.847943	1.53281	0.607955	1.33574	-11.9958	-3.74864	-4.86901
3.4527	5.98919	0.435771	0.691489	0.40492	1.81921	2.42177	-3.53235	0.885514
1.51848	9.48921	6.45504	0.787617	-1.29796	0.127086	-10.0062	-5.45244	11.3872
1.99391	0.564046	8.6005	0.9713	0.677498	2.13066	0.605466	-2.05469	-7.11782
5.32932	5.23948	9.54072	0.552228	-0.315206	-0.733881	-5.061	33.2376	28.4113
9.62455	2.91087	5.23631	1.12897	-1.42749	1.60579	-2.73448	0.712054	1.9987
1.97277	7.04351	9.65078	0.194657	1.20144	-1.13573	-1.68943	-2.17088	4.01711
8.8867	3.75268	1.35609	-0.849734	-0.268552	-0.372244	-1.07511	7.36956	-11.7512
0.932858	3.30839	5.81508	-0.0575147	0.639427	-1.0322	0.648502	-1.79126	0.0299583
8.2254	6.28441	7.82657	0.917952	-0.444481	1.94868	5.10003	-1.90478	3.40039
7.15447	1.11396	1.42688	2.43133	0.341813	2.69912	8.64601	6.73419	5.63647
5.69944	9.4433	1.89415	-0.448052	-0.755726	2.50526	4.194	-3.47894	-7.4119
2.98929	9.87341	8.60467	-1.38023	0.465543	-1.45223	-2.20049	1.67456	-1.79279
6.668	3.54815	1.89988	0.128083	0.141894	1.68357	-4.07217	5.00102	-7.38933
3.82472	3.47458	0.409623	-1.17631	0.518637	-2.28938	-20.9826	26.4794	16.5344
2.3805	2.13382	6.77337	0.677635	1.71643	-0.623098	-0.927787	-6.13169	-4.315
8.05895	9.62434	1.42155	1.87539	-0.252022	2.18608	13.2374	20.7084	9.66032
4.02385	0.120271	2.98997	0.981461	1.13824	-0.833278	-1.03829	-1.4687	-0.996937
1.31216	0.219175	2.7763	-0.588428	-0.318562	1.00141	1.5449	6.24005	0.367935
1.53836	4.92633	9.63291	-0.418911	-0.975513	-0.0737935	-27.62	-12.37	17.4446
1.82694	5.84698	9.27675	0.213499	1.10021	2.3565	5.23335	13.4098	-4.61615
0.670856	4.37761	5.75292	0.42512	-0.0534078	-0.79012	-3.55009	-4.25751	5.27607
4.26412	3.12297	3.40217	0.813622	-0.22399	0.0829651	-1.73831	2.24011	-1.82151
5.44908	8.31568	1.64147	-1.06262	-0.659741	-0.368807	-30.6826	-0.48611	-39.8752
4.55526	1.49447	0.240772	-0.105552	-0.673938	0.220775	2.64345	3.3227	2.8635
8.29182	1.04941	6.09115	-0.225675	-0.867306	0.813706	12.5283	-6.45805	-7.16935
2.7042	3.13777	6.14711	0.0486245	1.03181	1.16843	2.26308	-5.43802	-0.94401
3.2872	1.12319	7.91893	0.486281	-0.021	3.217	7.60386	-1.93047	-0.649062
2.7134	3.74657	3.57658	0.261848	-0.817756	2.35416	13.8276	-23.8159	26.9167
8.84179	1.77744	7.79852	-0.380381	-1.29845	0.291866	4.0436	-5.26814	8.46016
9.21258	9.28181	3.99582	1.84512	1.51862	1.43628	10.0757	3.88305	7.10617
0.306122	4.38496	0.122613	-1.57033	-1.5991	-1.53836	7.81669	-1.38008	10.6992
9.9758	6.07748	6.72625	-0.121919	0.0442063	0.61134	17.1194	1.12457	-6.17546
4.03231	0.9503	6.04108	1.11178	0.54979	0.54529	1.22236	-0.405013	3.93125
3.81016	8.34452	8.37773	0.839359	-1.03073	0.0743739	7.42388	-3.38211	4.02999
6.14872	5.25288	6.25701	-1.67936	-2.75238	-1.65903	0.434293	0.215971	-2.91083
3.51659	2.1594	6.61883	0.241035	-0.955794	2.23402	-29.674	-4.36574	-6.20423
2.70345	9.96139	0.148021	0.329079	-0.357937	-0.38424	-3.30056	2.06207	-14.4047
2.72662	4.28085	4.67118	0.428425	0.974658	-1.10923	5.60578	2.87224	0.501605
2.5341	1.04479	0.133713	-0.372445	0.983482	2.48688	16.1118	-13.848	-7.19803
8.30068	2.40508	7.14958	-0.126895	-0.73063	-1.12371	1.37906	7.78109	-5.67315
0.000624226	3.82557	2.8705	-0.549186	1.85969	2.61741	2.22969	-10.0725	-0.747475
8.23194	0.407194	8.48159	-0.472773	0.00922671	1.07402	-0.343697	3.08201	-2.28012
8.19334	4.10995	4.81413	0.256927	-0.0235347	-0.29654	10.5955	-8.62516	-9.10468
5.23834	5.55943	2.92079	2.05283	-1.33534	-1.42365	0.127432	8.22709	1.43279
4.59579	7.34709	1.13739	-0.0441436	-0.516918	-3.1552	-0.745142	-0.0167876	-0.37872
1.26763	2.02394	3.82547	1.40591	-0.252147	2.09933	7.65376	-7.86419	-25.0408
6.96453	8.17563	6.26615	-1.19329	-0.241954	-0.393532	-5.15743	19.8318	-22.4681
9.61397	9.93185	5.67123	-4.94388	-0.190223	-0.453979	-0.567104	5.51495	13.0057
2.57966	1.01043	3.64176	-1.07096	-0.91363	0.0400266	2.80782	-3.83548	-4.91334
4.51161	8.52471	3.47871	1.59787	0.542057	1.84934	18.42	-8.06526	2.75389
6.75773	3.73849	9.3321	0.780403	-0.319025	-1.16881	-3.51411	2.09022	28.2907
7.80621	7.67861	4.26489	0.275245	1.01642	-0.407487	46.3606	27.6504	10.6824
1.35152	3.10437	3.20308	1.57837	0.927777	0.492764	21.9395	-38.4736	50.4921
5.49954	8.7349	6.64843	1.73714	0.975799	-1.23498	8.526	-5.93849	-1.41139
0.81681	6.34241	5.76915	-2.30877	-0.901781	-0.849808	-10.0076	3.42001	3.73002
8.02724	3.67947	1.90783	0.243982	0.0432563	0.498592	-14.6873	-6.64202	9.86547
4.16696	4.24252	2.20098	-1.31605	0.873991	-0.160194	4.19988	1.14658	-1.97403
0.738226	9.52324	5.60367	-0.602244	-0.63095	-1.00048	-2.83197	-9.37803	4.77985
6.5986	0.383882	9.89765	0.19543	-2.32296	1.01372	7.54722	1.48346	-4.22685
8.13188	5.16444	5.47622	1.10875	0.294752	-1.82467	2.23095	-0.219181	-5.50198
9.15024	0.234945	0.531499	-0.976263	1.32502	-0.876149	2.95814	14.6483	-2.76188
3.84435	8.1901	1.65617	2.12621	-0.828118	0.77393	-0.195157	-1.59876	0.349716
3.905	2.26792	0.775985	1.4775	0.345877	1.28649	-0.795039	-2.64279	8.18974
1.11969	4.98002	0.80961	-2.47359	2.10694	0.540607	1.55778	3.06932	-2.19007
3.72216	4.44826	5.48307	0.737657	0.218415	-0.58222	-7.2356	-12.0958	-2.62587
2.98427	9.66416	2.71789	-0.364386	-1.5015	0.802256	8.77217	-1.56963	6.67775
4.18452	5.32815	5.10886	-0.755888	0.598705	0.420966	-11.1832	-0.06993	-5.49218
9.97073	9.64362	4.74597	-0.331713	-1.00307	0.657355	6.9197	-25.3785	-3.07669
4.19028	6.88465	8.76552	-0.0432298	-0.29943	-1.30445	5.70259	4.97585	2.58792
5.01333	5.98797	8.77119	0.658938	-0.977969	0.911727	-0.016843	0.304267	2.09058
5.51471	6.13981	0.719312	-0.0775961	-1.79528	-0.815067	-3.53042	-2.37926	-0.684677
7.43071	6.59077	5.58634	2.36995	-1.7186	2.99985	2.11013	0.316354	0.126523
2.85096	6.23964	4.13543	-0.618694	-1.75928	0.162754	3.93151	9.43124	11.4539
6.33843	6.56347	3.38135	-0.560843	-0.874717	-0.422665	2.53874	1.79312	-1.13096
2.5329	1.48753	8.60196	0.360594	1.05003	-2.13581	-0.254787	0.388398	-0.461689
5.82271	8.53695	5.50526	1.72955	0.327764	0.707143	21.6615	-10.3977	25.037
6.90281	0.503626	4.86816	-1.39299	-1.3194	-0.814792	0.421349	-0.409922	-0.566708
2.501	5.01896	6.47099	-0.0207146	1.5172	-0.704267	1.37487	12.89	-3.40957
5.32988	4.75817	7.81344	-0.283508	-0.910015	1.50033	-4.02551	6.82535	-12.6675
2.58459	9.94406	1.18159	0.0885875	-0.490471	-1.67514	2.56994	-0.156446	5.50115
0.638005	4.24067	8.22672	-1.49047	-1.54039	1.28888	2.50956	-1.44786	4.59328
9.68545	0.389596	2.56235	-3.03012	-0.649168	-1.62195	13.5274	5.77009	25.0585
6.44055	4.90308	1.91501	0.925497	0.279959	0.14159	-13.7908	5.30527	-10.371
2.9666	3.65625	1.09789	-1.06222	-1.24068	-0.527742	-4.6073	1.61142	0.950086
8.96885	4.80825	4.53133	-1.82923	-1.40957	-1.02238	12.4123	4.89354	18.2601
0.347114	7.35332	7.90351	-0.377624	-0.657123	0.885999	-0.559808	-2.63487	2.13301
9.30745	3.70802	8.83591	2.48134	-2.11596	0.103831	-3.33508	-19.5925	29.1486
5.98634	6.10245	2.36791	-0.0883252	1.41851	-0.266191	4.89915	5.42672	-2.65379
1.99035	8.32624	7.70512	-0.484476	-0.0124315	-0.933664	-0.282128	4.56575	2.35041
1.1318	1.56163	1.31599	0.338088	0.391998	1.00543	3.90802	-0.912512	0.765008
5.43781	7.00629	6.70836	0.931474	-0.0212014	0.282574	2.06424	6.1881	14.9641
0.781266	2.25143	6.07776	-0.61142	0.145047	-1.21348	-3.79151	-5.38606	-0.896854
1.29478	0.676482	9.42291	-0.890586	-2.00511	1.57561	-4.2167	-3.05794	3.72917
3.73551	3.06579	1.54889	0.579145	-1.05073	1.71116	3.73432	-2.28018	0.679087
0.311255	3.35774	3.80051	-1.13728	0.732436	1.12557	-1.56784	-2.67922	1.13135
1.78967	3.9023	4.29316	-1.28461	0.931021	2.4835	-3.0499	-0.591704	-5.61113
8.61866	1.55313	0.783429	1.54005	0.268437	2.61733	-3.61109	-1.12964	-3.56672
7.11245	0.303047	8.70634	-0.979142	0.4191	0.0104884	-0.948929	-0.107764	2.51066
4.51078	4.85873	6.03266	-2.24847	0.790019	0.819751	-21.2274	19.8386	-8.81797
0.760673	5.10506	4.99416	-0.427387	-2.17218	0.917034	-0.614603	6.15655	-5.45565
2.81253	1.1986	6.26184	2.23154	-0.986169	-2.32076	3.50833	-0.506385	0.153494
6.98893	7.1972	4.14634	-1.77006	-1.06196	0.168004	-47.1093	-28.8414	-8.78055
8.81114	1.49452	9.08218	-2.49999	0.0145367	2.1414	0.184032	5.37769	-1.3939
1.17219	0.203433	1.56563	-0.624518	0.806666	-0.390166	-1.43935	-2.64391	4.53809
7.21393	2.77949	6.88851	0.825504	-1.47855	-1.35477	-11.9232	-6.22839	-33.7984
2.25018	4.47337	3.1247	-1.50258	-0.442305	-1.58784	-19.5231	36.6152	-1.44103
9.76175	0.184071	7.46116	1.77544	-0.34158	0.110014	12.7252	11.5109	33.849
5.27647	1.89324	8.46329	0.40356	-0.505643	-2.65426	5.22705	-6.26256	-11.7127
8.76918	0.118079	2.2439	0.524697	1.52951	1.17994	0.343417	0.726787	-13.5601
9.67631	6.5826	5.43866	-1.11926	0.933113	1.50967	1.62418	5.49618	11.0987
1.52601	5.6482	7.75343	-0.0606046	-2.12273	1.04773	3.27995	-2.45715	1.23982
1.46203	5.33006	2.48389	-0.488368	-1.05286	0.375352	-1.02504	7.32239	13.6705
0.22189	6.63255	1.46201	1.24472	-0.332222	-1.06726	2.51736	5.42817	-11.4874
2.17282	5.47149	0.685201	0.394597	0.527294	2.02026	0.694884	1.728	1.35386
7.61657	1.67641	0.0973223	-0.91801	1.81621	1.68076	-0.91691	5.54688	21.8318
2.00915	9.62511	9.1244	-0.630231	0.529375	1.65777	-0.618794	-2.80394	4.20296
7.37698	5.07076	1.35651	-0.311663	-0.158794	-1.83091	-2.74538	-5.84759	-3.84615
6.37596	2.71996	8.00205	0.440343	-0.368243	-0.428342	41.2161	14.714	41.4402
6.10181	6.59608	4.54225	0.263096	0.0251169	-1.91461	-10.0905	3.07416	-0.605167
6.76185	6.38808	1.57404	-3.20101	0.980894	0.93973	-1.30817	0.25847	1.91395
8.53713	4.60327	3.64429	-2.10203	0.158812	-0.881877	12.364	29.7057	22.0163
5.7552	7.36644	8.66444	0.395335	0.616202	1.47965	-3.32258	2.56513	-1.86846
8.14028	3.6573	6.48072	-0.869096	-1.57418	0.00715898	-0.103445	-4.84896	-3.1737
3.70249	1.44024	5.09666	0.147428	1.30524	-0.573234	-2.0613	-2.20322	0.0956709
9.78185	3.32185	9.92712	0.268293	-0.20343	0.271915	21.3994	45.0613	36.803
2.23279	5.35141	4.49595	0.154679	-0.966904	0.464056	1.73208	-1.48855	1.119
9.55345	4.21709	8.03012	-0.521431	-0.317896	-0.22062	7.63689	16.6525	-26.3114
2.76886	4.10177	0.114321	-0.526501	0.860093	-1.00094	1.19735	-1.79094	-2.02249
3.09671	1.29885	0.96659	0.371176	2.04694	1.52366	6.03722	2.16828	13.9247
6.27504	4.77609	8.22963	-0.884634	0.695839	-1.56019	-29.8389	12.1032	44.8497
4.67734	9.24434	8.10993	0.128185	-0.794586	-2.06703	1.66108	-2.7687	-2.70712
7.39173	3.98313	3.80468	0.307589	-0.0651341	-0.447408	0.0341224	0.578943	3.17462
3.28692	4.30951	7.82775	0.650199	-0.614546	0.944964	10.5139	-0.84463	-3.04301
4.71626	6.4497	2.13123	1.08286	2.5349	-0.0165971	0.299079	1.1981	0.870125
8.0865	2.88673	0.550429	-1.64815	-1.56103	-0.347849	0.452522	-56.6723	22.7729
0.0989592	0.222599	9.75459	0.952428	-0.911937	-0.932336	-62.9703	23.3145	-46.6422
6.52071	1.4935	4.60352	-0.446144	0.967428	-2.31534	-1.66921	-3.72289	3.17257
7.70901	5.99272	8.96626	1.05398	-2.22498	-0.734946	4.73008	-1.58123	-1.43565
5.49907	3.73926	8.21965	2.31403	0.35556	-1.86808	4.448	-5.22541	-3.66364
4.78938	9.25433	6.06878	1.68486	-0.238741	0.580716	-10.0009	-21.3812	-32.4322
5.22547	0.635415	6.02386	2.73776	-0.669823	-1.69113	-0.879486	-1.16853	0.333171
6.99483	6.0908	4.66525	4.09663	0.449132	1.42905	8.80222	-5.56391	-0.199048
1.61071	5.92407	6.64144	-2.73486	-0.492002	0.264214	-3.77236	4.88465	38.4239
1.84168	7.56551	6.95032	-0.0181139	-1.26426	0.995673	-2.24609	-4.34862	-5.06686
6.26867	2.20711	6.31143	-1.99341	-0.526266	-0.282963	0.849612	8.28659	6.64102
0.499548	9.24341	1.60225	0.602327	-0.838328	-1.09477	-8.225	13.8738	16.1164
6.41322	5.26117	4.12314	-0.30413	-0.302985	-0.325677	7.20836	1.36916	-17.6771
8.02731	7.68722	0.303412	0.68653	0.162284	0.384322	1.48578	1.03901	1.19583
3.73954	4.37609	3.88023	0.395628	1.23732	-0.925325	-2.89478	-5.71487	2.27026
4.8941	8.21293	8.595	-0.0406359	0.92272	-1.28654	0.0483673	-2.90873	3.77813
6.35296	7.86317	0.891482	-0.208958	-1.13134	-0.235123	2.36203	21.3508	12.8781
9.16676	5.48641	7.71405	0.885286	0.242272	-0.833995	-51.4585	-98.8437	12.6974
9.63668	7.06823	6.59931	1.11519	0.087399	-0.420921	-9.59991	6.3682	-4.02788
9.94122	8.39716	1.98741	1.15669	-0.64039	0.742995	-5.95567	14.8353	12.7999
7.0572	3.88152	0.351944	-0.719782	0.0751925	0.805725	5.42631	4.67556	0.500525
8.45139	0.195414	3.43106	-0.97455	0.470742	1.20163	1.12266	-2.1049	-0.874866
7.54614	2.88542	7.80349	-1.3511	-0.552102	1.578	9.1378	2.84368	36.1948
2.3684	4.01808	6.68563	0.975332	2.2737	0.345092	-0.850893	-9.22443	7.11436
2.64473	2.32662	1.45874	0.787667	-1.29003	1.27487	11.7151	-2.60028	9.98107
9.09797	4.67819	0.846424	0.920696	1.05122	0.640822	-0.358015	3.89757	-2.15602
9.84969	6.55515	4.35599	-0.764196	-1.17631	-0.0711766	38.9056	10.8961	-2.65395
7.16211	1.22164	3.65796	-2.94891	-1.03353	0.334105	0.600012	0.815457	2.13768
5.0707	5.83934	5.1339	-0.0222847	1.13978	-1.22637	12.5812	6.63578	-2.16908
2.82458	8.08016	5.64311	2.18926	1.12011	-0.0421399	2.55982	-0.0344253	-0.768347
2.13779	3.14545	5.02344	0.308154	0.509879	0.338264	0.304783	-1.20447	0.954411
8.27794	8.7883	5.99836	-0.646378	-1.22217	0.621192	-3.43896	1.36868	-7.28125
2.75706	2.67867	0.445629	0.167142	-1.26236	0.583914	9.76183	2.91221	-5.77826
7.21634	9.52432	3.81537	1.82213	0.701664	-0.332797	2.03757	1.30364	0.077873
6.86448	8.83274	0.242534	-1.96544	0.510473	1.70113	-1.18392	-12.2312	26.309
9.41856	1.77515	9.98867	-0.651957	-0.981084	1.27612	-0.90494	0.103477	1.53196
9.25915	1.72988	6.7505	-0.155116	-0.0796207	-0.869849	-4.25638	-12.4609	15.1422
8.87968	3.94095	5.59045	1.26032	1.16548	2.45483	14.0403	14.4863	4.06008
2.52914	5.12017	9.72691	0.119924	1.59793	0.530522	20.4798	2.0892	-1.02124
8.09509	4.95484	8.0679	1.95837	-0.475459	-0.81801	-0.187485	2.19767	1.80588
2.65212	7.41705	3.67546	2.14165	-0.943666	0.277829	-0.0172609	-19.6234	10.0512
0.831367	8.04996	1.60405	0.458454	-0.224295	1.48748	2.78711	9.17673	-8.86275
8.16109	4.02767	2.98734	2.19204	0.949391	-0.719387	-27.0488	-42.9954	-30.9524
5.07145	1.49678	7.14858	-1.05079	-2.4463	-0.706153	-3.46781	-16.8843	-1.55447
0.671768	8.75388	6.36656	-2.42598	-0.641859	-2.72661	-0.191568	-3.10837	1.83967
4.04267	5.32719	7.14832	-0.0949475	0.460034	0.242429	-0.262808	3.72086	0.0385647
9.90615	1.6616	2.4567	-0.880925	0.488795	1.76221	10.9903	2.00761	2.30612
6.16056	6.3693	5.81988	-3.45618	-0.515965	-0.439802	7.14987	-4.48839	-2.59666
4.59855	6.31536	9.83361	-2.04556	1.17353	1.00646	0.882908	-2.48157	-0.832098
7.70488	1.72648	6.59278	-0.241426	1.49374	-1.27565	-10.0979	7.42677	3.8794
8.93273	3.28154	2.79524	1.0617	-0.20434	-0.303361	15.9097	19.3406	11.7154
5.16478	7.18027	4.42001	-1.54687	0.0337565	-1.46552	-1.93244	-0.663963	2.14695
9.78571	7.66635	1.26485	0.489249	-0.292896	-0.0473587	-1.45553	-8.7378	-7.84559
5.41033	0.570744	1.83271	-1.45748	-0.0122327	-2.28029	-0.124772	-16.6569	-5.95318
1.63506	7.40296	1.44727	-0.905458	0.249969	0.292268	6.84955	-17.7795	-13.783
6.72397	3.83761	8.35998	1.02033	2.13098	-2.36901	-2.89064	-9.118	-35.0796
6.78017	4.49469	7.47207	0.870917	0.581449	-1.63694	50.085	-5.85214	-26.7326
1.00676	3.64576	2.51189	1.34866	-0.879946	0.427818	-2.67361	48.9958	-32.8096
4.65036	8.49619	7.19862	1.33824	-1.0157	-1.60063	-12.7427	-4.07237	5.8098
5.5591	9.77489	9.02307	-1.2861	-1.95479	0.227619	1.21175	1.9252	0.973788
9.60407	4.34749	2.03118	0.153431	0.547686	-0.658977	3.8015	-12.216	-40.0966
5.64641	9.13546	3.89951	-1.37339	0.600211	0.833753	-1.47919	0.841707	-2.02549
6.05315	0.936742	8.66892	0.938098	0.361853	-0.00934239	-13.9578	-4.15486	13.8787
7.69771	1.80731	2.51466	-0.41121	-1.30881	0.195714	-6.15438	-7.55239	1.61659
2.928	7.90664	2.86789	-1.38691	0.145178	0.552576	2.69026	25.2664	-24.4287
2.95008	1.46226	2.26248	-1.17306	-0.898482	-0.230822	4.00162	25.4017	6.33654
3.95992	5.87435	8.48105	0.690476	-0.690175	0.430213	-2.82655	-7.1695	-2.95748
0.60764	8.4004	7.61687	-1.31875	0.168964	-1.37668	-2.45341	-71.5705	0.810909
3.35868	9.8658	3.86409	2.65643	-1.86902	-0.589403	7.34367	3.36	-18.2651
1.925	0.759409	1.01917	0.263577	0.375339	-0.347855	-0.129666	8.4651	-3.12159
9.22453	2.6913	4.00426	1.03456	0.385278	0.316198	3.10289	-16.362	-3.85926
6.92681	2.8068	9.73113	1.03403	0.537064	-1.04596	2.48328	-9.38002	8.16329
2.2738	1.26125	4.63665	-1.62098	1.00825	1.18485	-2.31494	0.840935	5.49911
7.9942	3.36802	9.6875	0.210511	-0.461776	0.717801	-22.7586	20.4372	-46.5996
2.45628	2.49768	8.90524	-1.2774	2.9742	-1.24654	-3.97901	6.8748	4.10023
6.53232	1.90453	8.75404	-0.981921	1.23538	-1.70044	-0.992449	2.94308	-0.0870045
5.65267	8.11361	9.46874	0.898076	-0.510701	0.0871482	3.53262	5.9132	-0.560282
8.31694	4.6804	2.20147	0.783122	0.538104	0.425842	8.3087	1.01195	-5.37226
8.77246	5.66605	9.62008	-1.43718	-0.624916	-0.662185	9.82972	0.391313	-28.1255
8.02682	0.351051	4.79442	-0.862905	-1.38296	1.40057	1.0298	-2.01221	-1.43534
1.61954	8.49912	0.246029	-0.152611	-0.561261	0.0283356	-4.88161	3.55681	-8.37547
4.28374	6.58273	7.2026	1.45098	-0.635494	-0.34445	1.14328	0.148287	-0.824909
9.91007	9.51451	6.72315	1.26015	-0.517072	0.444709	4.65563	-11.9023	-17.5875
0.682859	7.13656	6.84286	-0.960192	-1.43296	0.313636	4.74712	-1.2917	-0.608332
7.09165	8.17003	1.88322	-0.864282	1.75951	-0.0318252	-11.597	-12.9284	10.158
6.97214	2.3533	5.1968	-0.469715	-0.482014	1.77359	2.7527	0.135693	26.1334
9.95933	3.20598	6.4051	1.27867	0.0110411	-1.46681	3.23626	-0.519421	-1.75855
8.40458	2.56414	2.34293	0.990202	0.515936	-1.27613	-6.39841	-9.85092	-11.5969
9.15345	0.451558	6.70335	0.937434	-1.61597	0.872181	-6.19629	5.06065	-22.0169
4.14456	9.26773	4.2146	1.81258	1.81165	0.870363	11.9758	-2.32133	13.583
3.34255	9.34677	0.731697	-0.914426	3.29696	1.25741	-11.0928	-14.7556	-3.60225
5.17644	6.74077	5.75423	-1.33615	-1.67927	-1.11874	-13.0015	1.14192	-13.6529
5.7394	3.84288	4.05786	0.627254	1.72749	-0.596564	-1.32872	5.04613	0.39594
2.24493	4.33189	7.87853	1.20866	-0.257654	1.99648	5.32225	-17.6834	-31.1066
0.171391	1.33409	3.66388	-1.47213	0.0691349	1.2235	-1.78861	1.70925	1.23459
8.42558	2.50715	9.43727	0.18875	-0.0201314	0.464104	23.9708	-15.3576	4.29213
4.29556	9.24489	0.384651	1.24896	0.23295	-2.06411	5.83442	0.525939	0.331902
1.42648	2.13526	8.32117	1.08091	1.17493	-0.695964	0.206703	-0.487408	1.06698
1.25907	2.89465	9.15628	0.244489	0.367963	1.84354	-1.23347	-3.73826	-0.635244
7.45562	9.5589	7.78854	1.80903	2.53395	0.451232	-7.86785	1.68508	8.485
5.01641	2.43963	1.18292	1.14705	0.400233	-1.71816	-2.39397	2.71151	-1.5347
9.82251	7.73041	5.62096	-1.1684	0.408782	1.32498	-9.66986	-14.0201	6.22134
8.02049	5.64645	1.9515	-0.110729	-3.69018	1.21916	2.92728	15.9885	3.04339
6.68028	7.21583	2.37537	-0.0181318	1.24683	-0.821203	26.519	-4.8806	4.14397
5.12648	7.47918	7.73335	0.523668	2.44999	0.991933	-6.0256	-2.15185	-4.42635
5.07376	4.20483	0.249064	-1.43117	0.301026	-0.951674	-0.322903	1.62196	-15.8102
5.76475	2.19126	7.4681	0.22189	0.871685	0.27367	-19.3431	-27.0135	-18.2431
9.18892	5.91247	4.78614	0.26562	-0.254047	1.25443	-13.5765	-25.1133	12.4389
3.78545	8.37721	6.29271	-0.530632	0.494373	0.796123	-2.61146	-0.93833	12.5196
9.75373	0.597766	4.48024	1.51437	2.33505	0.798529	-1.64599	19.1653	-2.52822
5.74013	3.07547	2.42889	-0.336257	-1.17811	2.45599	1.44283	0.531578	-2.28492
6.40435	8.67316	8.54685	-3.0728	2.42695	0.419747	-1.93068	-0.017791	0.958106
8.54384	6.29863	5.64011	0.981057	1.76132	0.945606	0.914288	-0.295019	-2.61842
0.762645	5.93901	9.50684	0.585759	-1.40774	-0.379718	7.50015	2.84549	-9.67319
8.72675	1.7314	3.33342	-1.72496	-0.00763008	-2.46283	0.388565	4.22139	2.93338
0.550116	1.89408	9.88026	-0.28581	-0.137342	0.686128	7.6047	-2.12287	20.8661
8.89493	7.26073	9.30391	0.537681	-0.0779446	-0.965954	13.5701	-10.0249	3.33532
4.10179	1.03201	1.57216	0.765826	2.33218	-0.802284	3.25993	9.64594	6.3017
4.75232	7.56613	9.70837	0.559098	1.45334	-0.788032	-3.30006	-3.83762	-1.57594
8.41379	5.68579	0.545753	-0.668837	0.56733	0.234416	-8.80099	-0.114267	28.4461
0.321439	0.279437	8.55264	0.383382	-0.614934	-0.857094	-4.45729	11.8202	-12.9674
8.54673	8.43366	6.9474	0.367038	-1.50946	0.890083	-0.258619	6.63834	1.83895
6.23218	3.24167	0.468564	1.95896	0.797214	2.48419	-9.70151	-2.62942	-0.225336
5.71068	1.15794	0.00374144	0.4396	-0.842803	-1.23969	-0.261326	15.1571	-1.47487
0.822179	0.282596	4.89918	0.0477485	1.21921	0.300676	1.82072	14.3473	-3.45285
6.97694	2.36516	4.19666	0.168725	0.590248	1.50675	6.43385	5.71198	-25.9281
3.05659	9.42823	6.30004	-0.587811	0.109609	0.575437	-19.8138	18.6377	41.7575
7.77163	6.86458	1.4021	0.237194	1.70037	-0.430948	0.583668	-0.994361	0.991057
8.98662	6.66522	0.87614	0.163704	1.68151	-0.109973	0.699487	1.81196	-0.803626
5.74265	9.63238	5.41492	-0.274998	0.495156	0.800381	8.45088	-19.6381	41.1049
3.40969	2.51027	8.37523	1.54722	0.286028	0.465379	-71.5114	13.693	9.19902
9.20922	5.68959	1.33555	-0.028629	1.14694	-0.284212	0.320961	-1.38435	2.06725
0.456702	2.10241	7.32198	-0.78668	-0.898495	1.74286	-0.674307	4.59643	-3.68938
0.129724	1.19833	6.38263	0.981566	2.18907	2.05073	19.4586	-9.35436	12.777
6.07895	4.58202	9.34294	1.31483	0.636533	1.12563	33.3957	-12.8751	3.16933
5.17948	9.09061	9.85318	0.219416	-2.66105	-0.778249	8.59608	-0.397687	-7.69903
8.38143	0.958489	7.22969	-0.515009	-0.412271	-0.188807	-5.36766	4.4583	1.53807
1.32885	9.34539	4.66638	-1.85601	1.24098	-0.518082	1.66666	-5.52378	0.0513071
2.44841	6.33979	2.33315	0.0490201	0.416459	-0.366752	-3.66868	10.0471	5.61709
6.32062	2.17484	0.802637	-0.836533	0.0919413	0.5521	-1.34503	-3.04205	0.909712
6.06455	4.13531	6.89235	-2.4745	1.94955	-0.572298	13.8229	-16.3163	5.16689
9.03962	2.60622	6.26751	-1.19145	0.262323	0.118275	21.4512	-9.71075	24.3842
3.14935	4.53773	2.45045	0.254827	1.32686	-0.867216	29.3668	6.53012	13.2848
3.86123	8.9812	2.46685	-0.252593	-2.61059	-0.385904	9.47174	2.99014	-25.6667
8.06096	7.79962	9.04241	0.804514	-1.17911	-2.24053	-11.0223	7.07057	-3.0705
1.40177	1.37153	5.54684	-1.71533	-0.979893	-0.72747	37.8811	1.50466	18.1865
8.90913	1.43214	2.30809	-0.678042	1.50912	-2.82834	-12.3613	-3.85407	-5.94467
3.86382	2.96995	5.89612	1.4814	-0.708832	0.434249	-0.825841	0.409385	3.19552
6.29038	0.411455	7.04589	-0.916435	0.357731	0.94937	-7.13587	-6.15853	-7.69132
0.171583	3.04754	8.17885	-0.411229	2.55565	-0.665148	-0.323915	0.933206	2.23431
0.865862	2.9477	0.982942	0.755199	1.14592	-1.28405	-23.5249	-10.3631	-16.0883
5.15361	1.87072	5.90783	-0.620611	-1.01539	1.41049	1.0263	-2.80864	4.98693
9.06265	3.69279	4.05831	-0.536405	-0.662998	1.18834	-2.31287	20.7481	0.198248
5.60832	0.147897	0.155591	0.788462	0.130454	-0.210307	-10.9945	-18.4914	5.12508
2.03174	0.960592	2.10966	-0.111133	-0.128352	-0.774654	-0.411869	-50.8307	-6.64024
6.59829	3.59723	4.72464	-0.856221	0.643904	1.20083	-5.50405	-4.72175	-14.5626
3.12408	0.533901	1.93005	-1.15538	-0.9227	-1.63376	3.77315	-22.0274	-8.01718
6.23145	0.728389	1.14828	1.13283	0.474289	-1.27729	-13.1025	1.46926	-16.5797
6.19401	1.32519	5.74413	-0.868574	0.49326	0.242908	-1.46466	-7.40997	-6.67659
6.28863	7.92853	7.10838	0.0488079	1.13724	0.152096	-26.3086	8.37786	2.26864
4.08762	5.42166	1.72761	-0.821943	-0.586343	0.429518	-0.939233	-2.54116	-0.467786
6.29532	9.85122	3.27369	-0.789869	0.704234	-0.676194	-2.62097	0.898055	-2.86052
1.06301	0.445711	6.10545	0.447076	-1.15936	-2.3783	-1.94169	2.2553	-1.77099
7.4027	4.50501	8.9163	0.601995	-2.98714	-2.27611	-0.321115	5.05293	-1.31274
2.54299	6.56524	0.63367	-0.211366	1.78766	0.234895	-7.27344	3.96205	-2.82417
5.98314	7.65877	3.0368	-0.928598	1.41062	0.374499	-6.64711	-10.9436	18.3638
9.44591	2.65877	9.33975	0.529766	0.220883	-1.87715	-11.32	-40.0125	-43.0136
7.65312	1.69682	7.73964	-1.57272	0.207857	-2.16832	-0.0926663	0.966986	0.422402
1.77641	8.16175	3.58869	-0.382617	1.33539	0.360328	6.0139	-4.02088	5.99209
2.9563	8.95771	1.62724	0.888484	-0.553392	-0.451542	-1.67983	-0.576251	10.4889
2.37355	1.11589	7.32853	0.87814	-0.469607	0.978604	-2.42474	-0.871724	-0.245907
1.71233	1.58613	9.98938	2.42113	0.524201	-0.369654	-22.7505	14.8349	-2.42127
3.48913	9.04966	5.54364	-0.549873	1.50479	0.226012	33.4328	-15.7369	-49.8667
5.15546	8.82659	4.84245	-0.00920662	-1.85669	1.3955	-26.0501	12.9373	-19.6523
3.57736	8.89317	3.41253	1.73941	1.0274	-1.17795	-34.3923	0.935392	17.5066
4.69897	5.25537	0.531532	-0.768073	-1.68212	0.656982	4.38348	11.9266	-4.60115
2.18089	9.60634	3.65168	0.27932	1.00906	-1.23049	-1.68888	-4.01486	-8.93837
5.27289	0.479389	7.68588	1.41691	1.75302	0.425483	2.67709	1.37006	0.354697
2.33457	6.77785	6.11473	-0.536244	1.2188	0.34561	-38.8562	-9.14631	-1.56317
2.05998	8.2942	1.75121	-0.547597	-1.4003	0.566492	2.00736	11.1885	3.39446
1.74385	5.84216	5.68276	1.2488	0.321867	-0.403958	15.1382	-8.07205	-41.1895
3.17094	3.42401	8.76284	0.561804	1.18387	1.25515	0.80022	14.7415	3.89523
9.82984	8.34191	3.14403	-0.517283	1.29997	-0.652778	1.11157	4.24727	-6.51033
7.22235	3.12271	2.67753	1.42773	-0.106735	-1.04542	10.6808	-3.10389	6.91271
0.538176	1.35806	5.11074	-0.518393	-1.62905	-0.123559	-42.887	-0.456779	-17.991
7.66551	5.99314	3.48118	0.206683	0.296633	-0.28092	4.26561	-5.45648	12.8046
3.61367	7.2502	4.49642	0.366378	-0.551401	-0.485028	-5.64887	3.628	-2.7751
3.61209	3.25088	7.52495	-0.720603	-1.86297	1.04737	0.526234	0.0872634	1.38993
5.1987	1.03333	4.20939	-0.78646	-0.244209	0.129759	-0.943192	3.63175	-1.98141
5.39626	2.17172	9.45437	-0.347021	-0.138046	0.785959	1.33183	2.70187	13.0219
6.73396	0.140139	1.83335	0.556573	1.67246	0.766958	-1.73808	-20.8681	-5.00127
5.2982	4.02675	1.25786	-0.832012	-0.792656	-0.0339666	14.7587	-12.9532	5.58891
1.09172	7.34103	2.35324	-0.82507	-1.30478	-0.143937	-4.58751	-3.86537	11.3706
8.731	7.42648	4.81104	-0.337641	-1.11628	0.118719	1.73468	-28.0266	4.92277
4.05758	6.05436	6.23746	-1.49429	-0.480176	-1.18712	11.7353	0.161538	-7.65528
4.80115	4.64599	3.10828	-1.88148	-0.102015	1.4413	14.6518	-33.922	-13.609
2.69099	9.61308	7.27216	-0.909802	0.0922796	0.93808	-0.313037	1.21492	7.47841
2.26265	4.23547	2.13798	0.235624	0.655725	1.61136	-29.51	-19.2065	-28.0184
0.231057	6.41351	2.43365	2.30965	0.326271	-0.845975	2.13003	-4.16786	25.378
4.57897	5.92206	3.92472	0.330325	0.545879	-1.98336	2.36376	4.60223	4.14044
2.19842	9.77984	5.74652	-0.971991	0.745055	2.97404	6.80929	6.52652	-14.5268
6.18008	8.1238	4.01558	-0.383576	0.624972	-0.145557	0.659233	-0.599967	2.97919
8.12391	3.85655	0.535192	-0.927941	0.513771	-0.573005	10.0187	57.4659	28.2646
8.08729	6.11759	4.47213	0.432385	-1.06896	0.0432522	-6.85889	-5.74369	12.7867
0.282545	7.04165	9.05505	0.570834	1.28257	-2.91803	-1.04178	-7.78907	3.77906
7.08314	3.48969	5.62072	0.802261	0.0678521	-0.658173	9.82762	-2.72918	10.9998
8.72425	5.76255	2.93078	-0.619172	0.686823	-0.0979079	-3.20434	-4.03879	0.120187
9.58763	3.18064	1.81766	0.316841	-1.38614	-0.470197	-8.9036	-4.07731	8.43921
7.98596	3.0591	3.6283	0.105822	1.33888	-0.143949	4.20344	0.627435	-4.19477
0.820567	9.97924	0.292097	-0.592903	1.82918	1.61511	64.1263	-22.7307	46.5576
3.99425	1.59381	2.92184	0.740394	0.227033	1.52829	15.0412	28.1563	-47.176
1.89808	1.9117	2.19109	1.17187	0.170659	0.0433995	-7.51719	45.847	0.418986
3.77959	0.338034	7.13964	0.945296	-1.59085	-0.727492	-0.456289	0.382769	-0.554676
8.80114	8.93876	2.2232	1.03034	-0.452024	-0.245942	-0.883021	1.6889	-2.16934
1.01158	2.34375	4.73043	-0.628508	0.0858164	-1.07611	-6.82342	8.20308	28.2781
1.18156	7.91861	4.59503	0.578568	0.390511	-2.31342	1.44512	2.89235	-5.97574
8.12468	9.55638	6.98337	-0.18469	-1.06796	0.556725	7.33613	-1.57328	-8.61989
9.25109	6.24817	8.66561	1.0652	-0.442845	-0.645316	-2.39391	-0.136192	4.15561
0.659395	9.3377	7.58947	-0.63548	2.14034	0.915306	4.13038	74.8675	-4.56569
4.41137	7.53281	6.57096	0.746452	-0.313563	1.14437	65.5171	-10.2101	-74.9379
5.96146	1.41495	2.25303	2.21563	-0.262153	-1.0641	23.7425	6.62484	-10.5784
2.77437	5.50964	7.90431	-0.144541	1.48505	0.154804	-0.815938	-4.54095	-1.31133
5.59334	8.44147	7.81165	-2.44478	0.592811	0.22727	2.91718	6.83585	-4.13189
0.927356	6.04618	3.7998	0.348067	0.275903	-1.84944	-1.68917	1.69147	0.942867
3.36022	8.41436	4.65169	0.0335371	0.54659	1.40029	6.67601	-5.60531	-4.73955
9.85468	5.61543	9.86877	1.6994	-0.977024	1.15062	-10.4841	-3.3094	7.40488
2.94686	8.7705	8.89591	-3.01491	-1.07467	-0.553109	-3.64958	3.67728	-0.79917
1.6618	9.9748	7.50351	-0.2057	-2.01087	-0.383478	-1.68225	1.16179	0.612231
4.64384	2.06425	2.17256	0.417581	0.345291	-2.24764	1.98254	-1.94976	-4.10948
8.85271	8.40777	4.69006	0.926239	-1.29617	-0.769024	-11.2647	35.8733	9.88806
4.38075	0.764138	8.30453	-0.392202	-1.50667	-0.490572	-1.80812	1.94028	-4.61313
4.20279	6.68367	5.20892	3.48167	0.417651	-0.566832	2.90745	-4.52385	4.08358
1.65002	3.25859	1.50339	-0.469581	1.3118	-0.462844	23.3691	8.51261	18.5712
4.84558	4.32515	5.00479	-2.0796	1.54423	0.364157	1.7775	22.1457	-14.3087
9.57006	6.30047	7.62653	-0.70751	-0.557544	1.04689	42.1692	108.098	1.87405
6.72628	5.49285	8.823	1.66428	1.11195	-0.853777	3.44893	2.3678	8.87072
0.534839	2.92336	2.03681	1.71309	0.385726	1.33069	9.15978	-26.8584	-12.5636
6.68756	0.915391	7.86878	-0.770276	0.644913	1.98896	14.4276	7.556	-3.88461
7.67637	1.38152	4.83719	0.000780308	-0.75236	1.21608	-11.9903	-4.26242	-9.47392
4.47103	2.30409	6.84861	0.053411	1.37521	-0.189403	22.5341	11.3993	3.95086
5.66636	3.29688	9.2411	-0.160183	-1.49247	-0.64608	1.74156	1.74875	1.21944
0.193595	8.0649	8.78149	-0.33889	-1.07131	1.76412	2.32945	4.89147	-1.9497
0.648346	7.40903	3.66089	0.421572	-1.39863	-1.46856	-0.570762	3.00933	1.48971
5.15232	5.00008	4.02757	-0.557387	0.583144	-1.03939	6.58868	0.521291	10.4885
8.36715	3.24299	8.55	0.726842	0.908109	1.59906	-4.27066	-3.53491	1.89154
7.62947	7.72739	3.19354	0.46257	0.462745	0.112451	-3.33592	-1.24549	-3.31174
9.68774	4.63072	9.33653	-1.04829	-1.0102	2.29685	-8.29426	3.46576	-10.7529
4.79387	3.60457	5.70038	-0.246229	1.93013	1.24908	-0.393914	-11.1999	18.4896
2.559	8.98647	5.03925	-2.50538	1.30605	-1.97327	-13.4537	5.92394	-1.60514
8.8978	6.61354	4.08134	-0.541057	0.980048	-1.7386	-19.6818	15.901	-21.4749
9.28742	1.68908	4.53929	0.37339	0.961195	0.538679	2.00674	-0.855481	0.809127
9.94639	0.545415	1.59562	-0.375161	-2.11301	0.62617	5.38383	1.91767	-17.9917
5.96385	5.1551	5.02473	1.06999	-0.941844	1.89432	-9.54088	-3.3058	18.1387
3.4494	8.63239	7.4383	-0.231768	0.396342	0.902125	-2.06836	5.78462	-11.3037
9.11852	7.85238	2.35825	-0.561974	0.968382	0.0863091	-4.67924	-2.03861	1.60067
9.50145	7.9563	4.07171	-0.237729	1.61954	-0.690854	13.1634	-13.5899	-5.61335
2.3537	7.91121	0.675592	-1.58732	-1.14943	-0.316274	10.111	-9.00581	6.40435
7.71033	3.09495	4.70152	1.69872	1.85919	0.0317297	-2.30396	1.53994	3.51208
1.87923	4.78332	8.66302	1.79565	-1.13158	0.901954	-9.17086	17.3547	19.9706
0.931111	8.52592	3.06716	-0.0294531	0.305568	-0.813261	-8.33299	-2.59977	-0.678735
0.019591	4.4559	3.79274	2.02895	0.582986	-0.0598108	-2.11663	-1.00556	-0.00797761
6.00818	3.95106	5.63731	-1.07989	-0.662603	2.83054	-0.324417	1.72291	-0.951811
4.7366	7.70102	2.16707	-0.176568	1.69414	0.446038	-5.04569	0.134367	6.61249
2.07078	3.53696	8.72789	0.780086	0.504447	-0.435634	-0.497921	3.51223	-2.23814
0.679841	7.68911	0.0117699	0.462579	0.370645	-0.246656	7.41512	-18.3516	4.20986
9.90508	2.72366	2.87077	-1.03537	2.9831	-2.55173	-4.38783	-0.842452	6.14813
8.13858	2.05396	5.46104	1.89649	-1.44659	-0.0105201	0.890888	-5.24244	9.5146
3.03495	5.30468	5.45334	-0.607271	2.45983	-0.680613	-1.42568	2.25708	1.27269
5.85799	3.20984	7.30156	0.675107	0.326838	-0.151274	-13.0903	12.8572	-14.2144
4.033	4.41155	8.65623	-1.57655	2.15668	0.566502	2.02672	-5.15206	-5.81914
4.9606	9.7296	6.90522	-1.86231	0.972628	-0.358093	6.12666	16.3757	31.6434
8.63586	7.80871	7.79809	-3.06817	0.459168	1.69273	4.45595	5.37745	28.5221
6.47836	9.12748	6.72824	0.254305	0.766414	1.32398	-6.97032	11.2884	-9.07864
8.52838	8.82751	3.37037	0.978116	2.05467	-1.75448	-7.24004	-5.77649	-9.11184
5.43073	1.44807	1.26689	-0.580924	-2.12111	-1.33959	-2.68498	6.98054	-6.79295
7.16384	7.45956	6.93063	1.08624	-0.27556	0.955886	26.6701	-27.4917	12.6692
5.36216	4.50389	6.34731	0.81618	1.17399	2.06699	-6.75496	1.20395	-14.0284
7.86694	6.53051	6.81097	0.292026	-1.43054	-2.51255	-7.46441	-7.90912	-7.06577
1.43844	8.39794	5.54359	-2.78502	0.834941	-2.53641	0.0619114	5.95659	1.44826
3.42513	7.28222	0.646136	-0.99915	2.03443	-1.95227	-0.178531	0.421294	1.17559
0.736833	8.8203	0.730897	-0.652983	-0.631103	-0.343337	2.31956	-8.11153	-12.3211
8.99806	9.25086	0.784217	1.34005	-0.764528	-1.25237	5.75122	11.4201	-2.85349
3.30182	3.36879	2.79469	0.374205	2.01451	-3.03549	6.18404	1.04412	-9.19462
0.589685	1.10605	7.73086	-0.546637	-2.31007	0.502276	-2.73134	-5.54386	2.75388
7.02141	0.785062	2.55518	0.216631	0.246528	1.8096	5.78822	14.0563	13.896
0.0682225	6.71355	0.455171	-0.760588	-0.88963	-1.03789	-5.16219	2.70152	-17.5244
4.4077	3.23799	8.7162	2.10281	-0.899861	0.871504	-1.61827	0.537659	-0.948653
8.46196	7.39146	5.8904	0.430439	0.433504	-2.28201	0.370457	0.259374	-11.1079
2.64977	5.756	3.24866	-0.184589	-0.619603	1.96715	-1.88669	-10.8057	-12.6151
9.51998	0.981025	8.42142	3.82056	0.995814	-0.00673716	-1.74178	3.49127	-5.18112
3.34229	0.217629	5.54327	0.188512	-0.178869	-1.68231	-1.80096	-1.90375	-1.62256
7.9431	0.951682	9.43505	0.991322	-1.78078	-1.22492	-1.24919	-8.8577	-7.98134
3.20075	1.81092	9.46482	0.826146	-0.953813	0.584781	-2.19688	0.884918	0.515991
4.68095	0.83129	9.35573	-1.43548	-0.513422	-1.37248	5.90779	0.137737	2.37019
4.37513	4.41975	1.05026	-1.29679	-0.305233	-1.27213	-17.5476	-5.39871	8.12986
3.1039	8.46558	9.94864	-1.93973	-0.0494621	1.02252	-0.544563	0.724619	5.24685
3.71037	7.27764	2.56947	-0.716242	0.75362	-0.389848	9.06688	-3.08304	-5.15827
5.81007	9.01809	0.739139	-0.0469226	-0.788466	-0.118194	1.36961	0.614189	4.41152
1.33105	2.8157	6.87655	0.0966927	1.1672	0.201546	1.46258	-0.237761	-0.362857
9.40053	2.18503	1.2007	-3.1253	-0.523777	-0.276186	2.48081	3.01063	2.66381
2.59941	0.0936224	4.47864	-1.17292	-1.56044	-0.149574	-13.5863	9.911	24.4282
3.82402	7.60151	7.27697	-1.17225	-0.31723	2.05118	-58.8564	9.68179	73.2816
2.49699	3.05978	7.25821	0.885107	-2.57099	1.05574	1.79022	7.68213	5.61775
7.87705	9.57776	0.353857	1.05653	1.64251	-0.23262	-1.11598	-2.84286	-1.67663
0.553553	7.1281	4.99537	-0.645879	2.74422	-0.618635	-1.96163	0.467825	0.690489
3.84083	2.65829	9.80567	1.28786	-0.784127	-0.0263712	-14.5917	-15.4395	-27.9063
7.54377	2.12907	9.18174	0.174549	0.93478	0.159634	-19.4547	-7.3417	-24.2517
6.97828	2.37489	1.75977	1.22294	-1.95755	-1.8276	0.0424858	0.187706	1.29548
7.864	9.80611	2.54887	1.69236	-2.34896	0.407487	-21.0072	-7.36193	5.6136
7.13138	8.57276	7.26668	-0.150337	-2.37306	-1.03319	18.1398	-6.16768	13.7107
4.68716	2.98172	0.275797	1.08251	-2.33124	0.0630045	34.3479	-5.34448	2.75307
7.19137	4.65867	2.54528	0.628511	-1.83428	-0.0751438	18.3816	-7.14758	11.723
2.42053	2.29266	4.072	-1.24426	2.0686	1.03889	-3.5053	-1.26356	0.969479
7.68057	8.7119	1.26334	-0.44385	-0.496204	-0.479059	-22.7803	-1.76289	-14.156
0.782841	9.61111	9.14914	0.80273	-0.230706	-0.258655	13.6488	-14.2823	14.1276
2.9467	6.00655	1.46487	1.66488	-0.491077	2.76359	4.50362	-7.14192	-4.35612
4.52796	9.77981	5.19334	-0.182705	-0.745552	0.0197384	-1.76488	1.86291	-5.77413
3.76512	4.40609	6.64581	-0.766491	1.01038	0.498712	-6.209	-6.42595	3.16391
3.38062	4.74601	0.796722	-1.69746	-1.03973	0.7225	-3.47158	3.24192	-0.294493
2.28786	7.52772	4.61164	-0.617806	0.523954	-1.0921	-5.80603	5.64146	19.0686
0.346061	8.48276	5.1614	-0.606792	-0.795714	0.00488127	10.0299	13.9983	-7.369
5.12459	8.79333	2.63316	1.82169	-1.2377	-0.425611	0.0134127	-0.49213	-3.70942
7.32186	6.31344	2.57773	1.14033	-0.628725	0.27466	-8.01823	5.10855	-16.4519
5.38631	4.68649	2.07822	0.519128	1.32637	0.392092	-5.62485	5.31174	9.4899
5.08689	1.12172	2.65131	0.247115	-1.68594	0.988797	-26.1526	-2.15329	16.0645
3.84969	0.211409	0.972375	1.54036	-0.694542	0.0878818	-6.27282	5.6112	-1.85688
1.08029	6.30247	0.447973	-0.533595	-1.41831	0.973201	7.24622	0.190778	7.52396
2.43958	5.29775	2.17761	1.06033	-0.103254	-0.791671	12.9808	-1.85901	-4.23975
6.89795	9.30499	9.36577	-0.768229	-3.80053	-0.456758	-0.854379	16.4132	-22.7842
0.760866	4.61884	2.26419	0.963188	1.10645	-2.20708	-16.3681	-1.72459	-5.76342
5.7374	7.28414	2.04828	-0.726618	0.162394	1.17552	-20.3166	-1.20658	-12.3054
5.22613	4.55434	8.83638	-0.105813	-0.782159	-0.0951256	-31.2886	-18.8921	-22.0959
3.29153	6.95154	6.19029	0.87755	0.138999	-0.710651	43.0265	11.5698	2.21118
4.87693	9.93988	1.02677	-0.712007	1.57881	-0.403517	10.5226	-0.669622	2.02548
1.67356	5.85658	1.58332	0.867374	-0.465184	-2.51241	1.7688	5.29993	-5.86626
3.63007	6.19541	2.80431	0.840838	1.05966	-0.998428	-1.06326	-3.8736	-1.13985
6.18513	6.97701	0.433035	-0.133968	1.40385	-1.11963	-3.19818	-15.7802	-7.44501
4.26609	2.18968	8.20798	-0.204993	-0.21817	-0.608879	74.1144	-27.6939	-17.4727
9.39511	4.67731	2.92524	-0.3861	-0.409901	0.0886833	-19.0998	19.4553	32.1743
4.43761	8.14866	5.47286	-1.13658	-0.415101	0.74078	2.39377	1.41078	-2.76408
2.1417	9.86384	2.12763	-0.621583	1.28426	0.482248	-6.97131	0.795993	-0.199302
8.60931	8.39573	1.10159	-0.334065	0.410722	0.617857	14.2927	-32.7961	7.26459
7.10936	8.48043	5.08895	0.533144	0.492751	-1.67625	-1.05542	-2.06539	0.673617
6.22515	4.4802	3.23877	1.09647	1.01838	-1.58195	-0.0625284	2.13703	-0.635041
1.32043	7.32801	8.76499	0.0216656	-0.179486	-0.348248	-3.05766	1.22116	-0.0133304
1.25537	9.24985	2.34425	1.62379	0.970572	2.39986	5.01718	-4.29496	-3.00184
9.44097	1.52076	5.72347	0.908982	0.507759	1.80075	-15.021	7.13418	-21.4198
5.14269	9.92124	2.65982	-1.0281	-1.33367	0.0381244	-4.678	2.32284	8.50831
8.46056	7.36493	6.92165	0.230907	0.0848079	2.70406	2.84855	-7.07255	-8.55259
8.49092	3.00406	5.58529	-0.604995	-0.664237	-1.39561	-30.2075	19.4424	-34.3308
6.55758	5.03858	0.17854	-1.6642	-1.4299	-1.14097	2.26715	-0.132272	3.45917
4.03274	5.22922	3.31746	-2.04712	0.73142	-1.77482	-23.997	20.4247	-2.12279
4.63758	4.04728	7.47216	-0.244362	0.128412	-0.0892641	-7.57222	-5.70384	-2.1523
0.280902	2.02368	8.92031	-0.807517	-1.02145	-2.05525	-5.3903	3.62447	-22.9439
4.3237	4.88273	9.57129	0.942312	-1.32588	-0.515725	-1.85142	-0.71658	3.57494
