8.47677	2.84172	5.74369	-0.997446	0.55165	-0.891903	-33.4335	21.5428	-14.2661
2.01481	1.60286	1.91283	-0.392309	-0.133402	-1.50122	6.70162	-10.6819	7.24069
1.00857	6.77392	9.01775	-0.28188	-1.03376	1.13191	4.12625	1.02569	3.69838
6.5283	5.15182	6.25321	-0.0784393	-0.352452	0.154764	1.80299	-1.87893	5.21643
8.25526	9.04588	1.49788	0.364947	-2.45285	0.631553	-7.15688	12.2993	7.33515
4.52411	8.28054	1.79049	1.14131	-0.555141	-1.07194	0.641284	-11.6148	11.5332
0.0906352	7.51561	0.789423	1.18942	0.172226	0.0292651	7.69177	-0.9678	-4.15028
6.98132	4.40001	2.14446	1.65798	-0.534369	0.746098	24.5989	-8.92167	12.7255
6.30039	1.03909	2.20879	0.0182305	-0.618155	-0.0670608	0.376485	0.123664	-1.76693
0.97029	3.0886	5.77849	0.984682	-0.259167	2.38519	16.9042	-3.40355	7.05425
6.80244	8.62674	7.84162	-0.92059	0.373872	-0.509139	1.77758	-8.43587	-10.4289
7.63149	8.16362	0.54047	-0.748498	0.51038	2.80006	-0.455991	4.25087	-4.27645
2.3942	7.26686	5.72953	-0.777232	0.173088	0.769717	0.420975	-1.54983	1.05808
1.58488	8.62152	1.5173	1.09754	-2.21778	-0.408129	-29.2427	4.52511	1.76165
6.97189	4.17737	4.35681	-1.0974	-0.425304	-0.322221	1.799	-5.87912	0.535875
6.5336	1.8401	8.25618	1.5578	-1.11514	-0.970979	-0.458487	-13.8426	2.19042
1.3998	3.97724	0.0492217	-1.32925	-1.25151	0.199603	2.97002	9.37831	23.525
3.22886	1.81378	7.61892	-1.07128	0.215516	-2.74239	-0.27222	0.848521	0.661708
8.87567	2.49493	6.59793	-0.139531	0.0120949	-0.366285	7.38859	-7.22444	12.936
2.90098	0.519635	4.19978	0.916488	0.261774	0.444227	27.8648	15.9217	22.1315
0.808347	1.64328	9.33469	1.03005	0.345321	1.83978	2.09617	-0.0270956	0.79114
2.08934	0.687631	7.82323	0.590991	2.01929	2.23909	7.46513	-26.3452	-10.0659
4.15733	3.43708	3.12748	0.167453	-1.76287	0.931561	54.4081	-22.8332	49.9432
7.76102	5.77438	2.60109	-0.152861	-0.251616	0.658494	4.19671	-5.77559	1.95211
4.77729	8.0774	3.05135	0.611647	-0.196193	-0.123115	5.29401	-4.98461	-2.19069
7.33333	8.22974	9.34708	-2.89694	-2.43061	-0.584181	22.9508	-59.6056	-3.92273
5.87634	0.805299	8.09987	0.560897	0.188799	0.762878	8.54679	-4.77915	-17.5236
1.21121	4.47614	5.12574	1.02879	-1.97504	-2.29011	-17.3918	10.9524	-1.25617
3.52622	6.53718	5.72594	1.72928	-1.31608	-1.81568	-2.87934	3.52917	-2.61107
8.10851	0.237697	3.6789	-2.28037	0.865868	0.824744	-1.61383	2.97476	-1.85283
5.70701	6.57155	6.71261	2.57577	-1.10246	-1.8305	0.386591	1.41597	1.19918
5.27785	8.10833	4.97117	-0.216668	3.79559	-0.894684	12.1	4.9904	-0.944394
4.19101	6.18912	8.17108	1.03965	1.02515	1.11773	10.9151	0.837804	4.39001
6.67748	6.31993	0.848232	-0.582694	-2.45649	1.00681	-0.74785	0.964792	-0.836714
9.35067	0.7757	0.122704	-0.15011	-0.385127	1.25745	2.21519	-0.649845	-3.03823
7.87454	1.11889	1.57614	1.41771	-0.0810305	1.29885	-2.65065	-0.325813	-0.565679
3.82058	2.06157	6.56723	-0.85144	0.205171	0.0229588	20.0136	-15.7569	1.09173
5.92923	3.69042	2.03326	0.0526625	0.111042	0.594011	-8.93641	0.411858	-8.93456
4.82082	7.42174	6.1279	-0.947293	1.39996	-0.286228	-15.4864	-17.5637	18.7432
7.10454	8.39267	6.812	-1.12253	1.85943	1.57813	14.2894	1.57443	16.5932
0.392189	7.10645	8.17938	1.39014	0.720731	0.76355	7.28615	-2.12926	12.1029
1.97296	3.47475	7.55738	0.864669	-0.193462	0.0101037	-22.96	-8.58788	-4.59895
2.86883	4.42	3.1431	-2.22402	-1.70325	2.03155	20.0109	-12.3738	-3.36747
1.77298	2.5956	4.54695	0.0554382	0.727373	1.24883	-18.2265	16.942	-5.56745
9.73117	3.72061	7.38265	-0.0657698	2.87468	-0.408806	1.49876	-3.95142	5.94068
3.62049	7.40188	9.62151	-0.632617	-0.624434	1.26648	-34.3892	15.3391	8.44031
9.8591	6.88041	2.09899	-0.257256	0.958153	0.102957	0.658739	-0.649678	-0.281492
8.119	0.643892	8.60193	1.00756	0.318677	1.22098	4.02645	8.39649	-1.18611
9.8103	7.29745	5.88349	-0.894766	1.46429	-0.787685	-4.31241	8.19354	-2.79536
5.48974	3.64691	8.94409	-2.15173	-0.510721	1.0229	6.94727	8.42496	-9.25137
7.53674	4.61256	6.10804	-1.62525	0.307607	-0.495616	-60.4919	13.1976	-16.4995
8.12137	7.72572	1.44908	1.00125	-0.353496	1.0835	0.109184	-3.10684	-0.0957356
5.07803	4.77927	1.60045	0.216092	0.565223	1.8862	15.1131	11.9909	-9.88124
4.41605	8.91102	0.986644	-0.173431	1.34372	-0.209137	-2.54885	-6.23688	-4.06419
4.94783	4.65163	9.33892	-0.222011	0.734589	-1.51315	-2.08428	1.3097	1.02493
7.47855	1.82311	5.0832	-0.88482	-0.719468	-0.485009	19.0443	-39.7309	-33.6218
0.131809	1.99205	5.93051	0.249157	0.139976	0.596883	6.30204	0.746723	3.0556
9.09021	1.43872	6.15383	1.88361	-1.03854	-0.755033	-2.51285	4.95883	-10.6437
0.91516	3.7225	7.66095	-2.50532	1.21697	-0.0314268	-5.3678	-0.27964	-0.143131
1.31383	0.677739	1.6614	2.85322	-0.620342	0.0395796	1.44211	3.08433	-1.47744
8.5119	5.55271	7.19433	-1.4872	1.69712	0.796269	6.2721	-18.6284	-6.75753
4.76329	4.49631	4.46186	0.254298	1.35065	-0.635909	-2.13304	11.3557	-8.09476
6.44462	8.39907	6.06497	2.19924	-1.41634	-0.966269	-9.06709	54.7599	54.8437
2.63387	0.84399	6.6814	-2.20165	-0.127715	0.856848	-0.615411	-2.01974	1.13596
0.342432	6.47642	6.24455	-1.0174	2.21677	-1.06486	6.14152	-13.3759	-25.2094
8.35789	4.68945	1.85262	-0.930555	-1.36192	-1.49178	-47.214	10.2248	-9.14762
7.93045	2.69345	0.168103	-1.22949	0.419836	-1.87761	8.41379	8.0744	1.1592
0.924923	4.71619	6.38868	-1.59666	-1.10929	-1.67757	26.8115	-28.089	34.9243
4.12354	5.40165	9.68728	2.30683	-0.604973	0.164149	-3.08555	24.2509	-13.051
6.87205	1.48753	3.86302	-0.846548	0.360633	0.485363	1.57356	0.384113	0.675701
1.21196	7.47385	0.831863	-0.240968	-0.753587	-0.301439	2.78915	1.35548	-4.39673
5.64797	4.79132	3.6018	-1.65785	1.16666	-0.11622	-2.38036	-2.78224	9.93367
8.02117	6.51428	3.41649	-0.678005	1.31143	0.620595	-3.30093	1.90045	4.18926
5.51498	8.73692	1.94119	0.899431	1.09936	-0.852161	-0.764819	-1.06018	-2.03671
7.21039	0.549453	7.83286	-0.172763	-1.48993	0.361146	-28.0908	7.89819	-12.6537
7.53596	9.11268	2.19167	1.59268	-0.656205	-1.52574	-14.4214	4.86166	15.4347
2.09015	4.54524	4.33121	-0.603978	-2.20368	1.68764	2.57244	-0.260814	0.599013
6.45993	2.79762	7.8743	2.14234	-0.187654	-0.762594	-2.28025	16.3706	6.27336
3.10135	3.49108	3.60149	-0.477441	-0.091429	0.25134	4.79589	-2.70444	4.69658
0.728078	3.90693	9.33489	1.60332	1.44344	-2.00833	-24.7017	-1.76061	-25.0902
3.81127	2.9689	1.52075	-0.235039	-1.11177	-0.930313	0.623241	3.0644	1.67721
5.61272	7.28102	4.29941	-1.33381	3.16082	-0.624124	0.483069	1.31391	-0.634717
4.69939	1.32387	8.17417	1.0996	1.50267	-0.356909	5.90568	0.536001	-2.02074
8.18458	6.08382	1.1456	1.43392	-1.44096	1.6861	-21.2151	28.6066	16.1501
9.51184	9.43983	8.46077	-0.176551	0.488517	0.108238	-2.47311	-4.23736	0.403197
4.71195	5.76982	1.55415	-1.23752	-0.430927	-0.384134	-12.2153	4.96459	5.566
2.55755	4.54893	9.42841	-0.907027	-0.684262	-0.388021	-7.58863	18.3622	10.556
2.03431	1.83972	9.65294	0.061986	2.2748	0.396786	-4.78263	-0.839174	0.493101
8.22481	6.48563	0.0425419	1.39537	-0.461594	0.999483	-15.9387	-4.12405	-13.0525
4.76643	2.92432	2.44563	-0.133283	-0.428511	0.877077	3.05544	-4.32743	-5.0163
9.74308	4.49858	6.6443	0.755573	1.78927	0.522357	-0.509392	1.75726	-9.53133
5.16947	0.796195	9.99167	-0.036309	1.51242	-0.827751	-4.21273	2.32381	2.54542
5.50711	1.10924	8.99056	0.928101	1.02711	-1.40186	-8.86106	9.2271	15.2292
0.287247	4.92494	9.85745	0.798074	-1.88994	1.71149	39.7355	-36.8871	-5.8131
1.4639	0.81818	3.35448	-0.713241	1.05481	0.706422	1.82324	-3.38241	2.24656
1.93741	2.4972	6.22711	-0.401861	0.747275	-0.015153	-40.3073	42.2729	-44.8149
9.96755	9.37873	6.35271	1.26253	0.0244973	0.689426	-4.13502	4.18577	-0.0261253
8.42816	4.23726	8.83309	1.06734	1.19358	-0.242633	-2.24356	-2.87238	0.0705571
8.46504	5.22796	5.07556	1.02878	0.773386	-0.569387	-13.0899	6.20206	-8.74235
3.55219	1.22423	3.89015	0.330153	1.18616	-0.991394	5.5466	7.5521	-4.54062
0.288041	6.31612	0.391686	-1.38443	-1.48353	-0.430493	0.505171	0.715095	1.43842
4.97832	3.76813	0.969503	2.91047	0.066484	0.886352	9.08425	0.331938	0.703985
5.3969	1.36181	4.05471	1.76525	1.60173	1.85774	-0.749464	0.0330596	-1.03393
2.01431	7.02042	1.49842	-3.15933	0.424783	-0.408769	2.99682	0.921327	-0.360583
5.86896	4.36035	5.85653	-1.98553	-0.671398	1.1176	-1.28178	-2.18076	-3.69155
4.49923	9.81513	1.4721	-0.686298	-0.930923	1.82207	-4.3424	11.1715	0.331083
6.67761	5.67079	5.33655	-1.51454	0.806362	0.184407	-0.579352	3.28413	-8.12503
1.90597	3.49265	2.12877	-0.257962	0.289067	-0.541004	8.00194	-5.34931	11.073
1.67439	7.53799	8.33373	0.360382	0.0542969	0.446092	-5.05132	-1.34632	-4.73256
8.15427	6.97004	4.50665	1.58419	-0.457106	-1.65887	0.901927	-1.62986	-2.84673
2.62241	0.249956	2.59161	-0.779864	-1.5375	1.02142	-15.6611	-5.46295	-6.46742
2.92629	4.50882	6.36945	0.462234	0.3484	0.21861	-2.8423	1.95569	-4.36683
0.166448	2.31054	4.36168	-1.3066	0.0555579	-0.032326	0.661649	-1.65873	-1.06356
1.31151	9.00668	0.345112	-0.244997	-0.394569	1.67811	-5.95508	0.775735	-2.88336
9.12938	1.95949	9.62865	-1.11917	-0.111504	-0.836231	-14.5598	-6.18246	10.2243
7.40515	3.43391	1.48472	-0.576424	-1.29987	-0.326401	-26.0298	-5.40383	-12.9287
5.86986	4.72931	2.58266	-0.239098	-0.778077	-0.0611124	-2.87817	-3.14635	2.27421
5.77441	6.77688	8.30846	1.16251	-0.32265	-0.297401	0.657725	26.306	7.45437
5.78437	7.75105	0.613192	0.269051	-0.373353	0.529118	0.740064	1.74161	-1.1611
2.13637	0.0372026	3.888	0.504802	0.580479	-0.431164	-37.4403	-25.297	-18.9437
7.11032	2.2698	9.64224	1.6063	0.538221	-0.253249	-6.68937	-3.48237	-0.854852
1.47493	5.62874	2.11503	0.526545	1.62355	-0.376797	-0.308246	0.112761	1.62237
1.27593	4.885	9.18804	1.86217	2.07189	0.232583	1.15637	-2.07385	2.31124
0.845949	3.4607	3.20354	0.809705	-0.750754	0.766707	-0.381284	-0.356385	-1.93395
8.19505	1.43519	4.17458	0.969056	-0.49028	1.9414	-1.36974	1.67961	-1.5652
3.90619	0.157724	0.551373	1.43724	0.0142842	0.517834	-0.708383	-16.4635	9.56361
5.57305	8.96529	5.80473	0.680073	2.1428	-1.12002	-9.10156	0.813233	-6.96435
3.72488	2.84765	4.5246	0.196513	0.414356	-1.80078	83.7528	28.4441	-18.0103
8.58766	9.50729	9.33221	-0.108978	-1.48143	-0.0607567	24.2084	4.15764	-21.6929
4.96976	0.289044	8.47988	1.50793	1.01202	0.497428	-1.53264	-2.20536	2.05347
5.54482	8.5727	3.6727	-1.30341	0.152068	-1.36561	3.28119	1.09415	4.81514
0.426359	8.13011	1.76787	-0.684879	1.24469	2.14689	1.32791	-3.98279	-3.25232
0.378396	6.61989	7.22322	-0.703393	-1.20281	0.249984	6.17561	6.6265	24.0524
8.17433	6.49524	7.40194	0.16645	-2.66986	1.52295	-3.10063	13.2781	1.32666
4.70846	5.36548	0.534135	-0.413995	0.0854083	-0.854696	6.55125	-12.9872	14.651
4.35101	7.04979	1.33766	-2.97914	1.12975	0.37118	4.11292	3.538	0.659469
5.53717	9.48262	1.1204	-0.592041	-0.156753	1.40511	-1.40982	-4.12246	-8.17984
3.13227	3.75908	9.13815	0.108354	-1.05013	-0.29625	9.09565	-9.37255	-4.97586
5.99647	9.59619	7.92521	-1.45593	-1.16968	-0.590266	-3.2122	-2.07977	3.85155
0.877019	4.73265	2.58204	-0.0830817	-0.756877	1.16606	2.86372	0.222441	-3.74966
1.61448	3.81297	6.34863	-0.356447	-0.365231	1.16862	0.363619	0.87128	-1.50807
2.00251	3.6243	3.5697	-1.3968	0.302961	1.52648	-0.124734	-0.0939287	-1.09651
6.90387	8.05865	5.35037	0.511494	1.53032	1.13949	50.7925	-40.0344	-83.0835
7.00846	5.31744	8.30248	2.82002	1.53087	0.944552	1.87547	0.607115	1.79764
9.983	8.47307	9.14785	-0.0246513	0.624723	-2.15629	-0.944609	40.6104	-11.1702
3.74163	5.74907	6.42069	0.858528	0.932493	-1.37262	-22.5392	-5.34191	10.0373
2.6123	5.31449	5.04781	-1.82515	-0.0905828	-0.27667	3.1432	-18.0751	-25.7694
5.17077	3.91642	2.86683	0.428611	-2.00071	0.201661	40.9996	-25.2048	59.1202
6.66045	1.37963	0.671552	0.470932	-0.70427	0.787704	-1.29877	1.6932	2.59059
2.90468	3.84506	5.092	-1.70101	0.886243	1.14023	9.20738	0.331885	-3.51854
0.103139	1.63549	2.21356	0.0508146	-0.9451	-1.30548	-2.56066	3.05741	1.07211
3.71082	9.66432	8.8355	0.732387	-0.204366	2.00935	-1.27608	3.11749	3.49548
3.05938	2.06371	1.10869	2.5484	0.641171	-1.21415	0.14988	-0.191311	-0.746646
9.12957	4.64015	9.56991	0.983307	-2.99571	-1.10111	0.795906	5.06327	-18.0745
1.17453	7.39481	4.03349	1.09771	0.664309	1.28799	1.55376	1.97481	-7.20799
1.82331	0.927001	0.366712	-0.688969	-0.328005	-0.678426	-4.41068	7.18348	-0.973165
7.55248	3.02508	7.9485	-0.105211	2.21581	-1.10751	2.85318	-1.39656	3.28374
1.17586	0.0738075	4.35905	0.703934	0.0971834	1.54008	0.408431	14.522	-0.312346
8.72549	2.88651	9.02447	1.02171	-0.754867	2.40291	30.3251	33.0271	6.00556
0.136078	3.30932	8.47875	-1.33008	-0.995483	-0.793872	-1.68027	1.51814	-0.0567454
5.24679	2.69808	4.33171	1.3101	-0.233879	1.0555	-5.28949	-10.6745	-11.83
3.13471	1.03495	1.62646	-0.623898	2.33581	-1.69582	1.37493	-2.84836	-0.581528
9.28352	2.35979	5.439	1.90426	2.13206	1.81523	19.5269	-11.964	-6.83867
1.87022	3.72489	5.19938	-2.75176	1.40363	1.56681	4.57197	-19.7033	3.53491
6.66763	3.28882	5.28983	-1.69441	-1.5767	0.303571	2.92851	0.759268	0.329113
5.54709	3.21438	5.16413	-0.958232	0.204126	-1.54662	3.7975	8.97211	13.6506
2.37361	0.028163	0.295518	0.984109	-0.163748	-0.510766	4.49539	1.8353	7.47362
9.8581	9.0339	1.95538	-1.67323	-0.760798	-0.0721875	-3.68852	2.34658	-1.31853
6.04034	0.0166203	5.24743	-0.722659	2.48566	1.10192	-3.81141	-7.07295	3.02923
6.50765	4.16952	0.322474	-0.786957	-0.478139	0.431463	5.71183	-0.241921	1.27888
6.23719	4.8043	1.63267	-0.235579	-0.145132	-1.16963	-16.4235	14.1326	-29.3067
4.34929	7.82616	5.34037	0.560238	1.55471	0.0958515	-22.9403	9.83757	-11.9257
6.41123	2.26585	6.98897	1.70988	0.611594	-0.262804	-19.4637	5.90575	-1.99303
7.53668	2.3938	3.88284	-2.3132	2.31599	0.027717	6.59373	0.873518	-2.8669
2.9466	0.516003	9.40293	-1.62117	0.282131	-0.278951	17.9649	-3.26687	2.67699
8.06154	0.374365	9.6294	-0.0774409	-2.28214	0.270564	-3.23074	2.92641	12.3139
3.71793	6.93394	4.23953	-0.902018	-1.08426	-1.32628	-0.124188	0.739025	-0.052316
5.68461	1.65092	1.39982	-0.461587	-0.530069	0.816829	0.598715	-0.407527	-0.779339
1.66008	8.39501	5.83296	-0.879961	0.0111379	0.100106	-0.770936	-5.7702	-7.62991
6.98322	0.192841	3.40753	-1.24138	1.74607	-0.488994	-14.3597	-23.9609	13.9377
5.53367	4.60469	0.320408	-1.64932	0.402185	-1.18702	-8.61733	1.4605	2.82488
7.38295	4.14	8.25499	-0.598942	1.59162	0.165032	2.12601	0.433509	1.73001
6.131	9.01576	2.79251	-0.90233	-0.488214	-0.174746	3.36532	-0.605086	1.74312
9.23067	4.36233	0.543454	1.17173	0.61732	1.94635	19.8306	28.2938	6.11819
7.98098	2.17449	1.25913	0.641768	-1.69949	-0.118478	2.59829	2.15485	-3.30997
1.32477	5.6636	6.96213	-1.73033	-0.979506	2.27501	1.01767	0.813659	-3.52508
9.67421	2.91944	9.69964	0.635338	0.6228	0.447743	0.901296	0.578172	0.81677
8.66644	7.09958	6.20139	1.22284	0.153199	-1.08455	2.17536	-2.94945	1.01564
5.2771	2.95859	9.69573	-0.226942	0.413674	0.618064	-1.80007	-8.54714	8.46039
2.4304	8.11353	1.37821	0.0856379	1.49136	-0.0787619	14.4165	-12.9329	-0.405781
0.62206	9.19382	4.30055	0.197731	0.0664964	0.635218	-8.57149	-8.25737	-1.16486
5.6482	6.23792	1.42121	1.12765	-2.23662	-1.50739	7.37699	3.58615	-0.886842
6.67888	7.30027	7.35788	0.468182	0.989881	0.114887	-3.15311	2.85347	1.88295
6.50898	9.41993	6.11818	-1.00306	0.502355	-0.489544	6.59105	16.3775	0.549314
9.02831	6.15196	1.79974	2.14688	0.132152	1.58425	16.8545	-15.9113	-25.0156
2.44473	6.86745	7.69707	-1.53745	-1.1842	-0.706259	11.3767	-3.37596	9.04199
4.07161	8.92091	5.82573	-0.644324	-0.566905	-0.495766	3.97118	-7.28403	29.2145
4.02866	8.43258	9.39565	0.298164	-0.880918	-1.2719	2.89973	-1.1248	1.77237
4.05011	0.718711	9.71042	-0.297356	1.20168	-0.13371	8.37162	1.39113	-23.3275
7.51365	5.13149	7.23305	-2.32727	-0.2348	-1.73334	-3.08716	-2.33358	-1.77292
3.46443	3.68044	2.55323	-0.463727	0.0203191	0.246388	-49.7717	29.8602	-52.1467
4.53589	0.857003	2.40653	0.384031	0.14234	0.339726	-1.30594	-2.94554	-2.26453
6.18704	4.72802	4.81968	-1.57647	-1.4077	-1.45674	-7.3985	6.43457	2.99005
1.51499	6.52534	5.90747	-0.0476328	2.06438	0.362248	-0.375478	-1.73796	2.4035
8.2893	4.35343	2.88233	-0.274985	1.51411	0.167144	21.6448	10.4321	-23.1926
8.93709	5.95602	3.95109	0.953577	0.815797	-0.181879	-2.58815	0.286282	-1.14556
0.304109	3.99259	0.946454	-1.04944	-0.298927	-1.63472	-3.77955	2.12406	-3.53444
7.30261	9.40781	0.506819	0.0906382	-1.17765	0.642748	-15.8003	2.48874	7.26122
9.40555	6.14503	7.22447	-0.707183	1.16059	-0.51181	-0.26059	2.89731	-0.494974
3.39946	6.59333	1.57461	0.586566	0.936384	-0.763678	-3.48197	-1.67849	0.656185
0.29667	4.79161	3.48518	-0.914308	-0.47847	1.81814	-1.57994	1.07669	3.59776
9.20337	7.44258	1.33165	-0.553876	-1.54043	-1.40369	-4.38547	-1.47179	12.3039
9.55872	2.69109	3.33127	-0.631096	-0.0295769	-0.486369	2.77648	10.4998	8.18229
6.2071	8.86448	4.74787	0.37296	1.26906	0.695488	23.3848	-9.85988	5.74741
4.59393	1.88906	0.704309	-0.183844	1.43249	0.649238	2.58815	-0.752537	0.294553
5.008	4.87679	5.34511	-0.285021	-0.3992	1.33401	12.0236	25.2551	8.02131
2.90741	1.9715	9.04017	0.110582	-2.05326	-0.685678	-0.607558	-10.0081	9.59009
1.94618	0.602613	9.22055	-0.298264	0.341808	-0.485744	-17.2347	12.8618	6.84593
1.88759	8.89361	3.80665	-1.82352	1.97864	-0.501195	3.53076	-9.93856	16.3498
1.95949	6.32655	3.90671	0.798343	1.53859	-1.04433	-16.5249	18.6147	4.87462
3.07197	9.335	2.96671	0.906039	-0.441996	-1.42129	0.0553273	-1.90548	2.78533
5.75249	5.44634	9.61251	0.314105	-0.63273	-0.0611633	-2.59389	0.281976	0.224677
9.90037	5.72098	1.26943	-1.42836	-0.199306	-1.79527	-2.13045	-0.997489	0.401477
6.32181	7.46101	2.72247	-1.78509	1.22011	-1.54211	-2.00416	5.81929	-5.88222
5.51228	5.85672	5.07146	-0.98782	0.561723	-2.97747	3.59381	-2.45001	0.443844
3.8815	4.42758	9.76086	0.43705	0.840152	-1.63047	-7.07042	-16.9878	-3.95209
2.7405	1.33571	3.26089	-2.41626	-0.660272	-0.410683	-24.8006	11.7405	0.898207
9.34937	2.21783	0.640027	1.07153	0.22647	-1.00688	-4.03395	-15.5779	-52.8015
6.78638	1.19607	5.82948	0.334078	0.531316	-0.19993	7.24962	-12.4105	-2.74079
8.9335	8.47093	8.62423	0.975322	0.385771	-2.44131	8.91031	-1.08499	2.91187
3.51818	6.40281	9.26994	0.244295	-0.122262	0.764476	1.41941	20.7215	19.3604
4.07467	4.30888	3.70314	0.759841	0.622686	0.194061	18.3765	-16.6924	-19.1579
3.37892	4.73972	7.32395	-2.37114	0.759637	-0.956898	0.699127	-18.1895	-1.43989
0.935794	2.11238	5.02139	0.273575	0.37002	-2.23135	5.53456	-1.19113	13.377
6.48413	6.84891	4.8576	0.027886	-0.306676	0.884568	0.830871	-2.25367	0.590486
7.95447	3.66819	6.22489	1.78483	0.607829	3.30584	-8.79912	-16.5233	-8.52821
5.26842	2.4995	6.07964	1.51246	-0.0800851	0.598107	0.881111	0.56363	-8.69306
5.89846	8.96313	9.05947	0.443343	0.673826	-0.112796	-3.61242	-2.20257	-1.40048
8.03694	1.62747	0.0808177	-1.00679	0.568171	-0.895987	-0.132722	-3.16964	-2.25105
8.97568	6.62292	0.706601	0.0182056	2.57609	0.46078	22.2226	-0.878524	6.96562
5.80089	8.26628	7.73844	0.197058	0.522135	0.840299	-3.38632	-4.51886	4.82596
2.64611	5.51305	6.88968	-2.15474	-2.21386	-1.66147	-1.36169	-5.59071	4.70051
0.326184	4.04666	5.63077	-0.738721	-0.791802	-0.411237	4.57211	38.8417	23.2704
1.88453	2.70478	8.81752	1.16993	0.025494	-0.824961	4.83449	-0.192345	2.12433
7.42242	0.0727413	5.81639	0.09314	-0.226846	2.1181	-4.41029	5.09844	-3.82005
4.18547	4.10492	6.92625	0.463277	0.362113	0.850618	-9.1267	-13.8628	4.42552
8.58157	2.3696	8.09513	1.42818	0.086321	0.286535	-0.0735458	-2.84688	-5.06259
7.36005	6.93377	8.77269	-0.397444	-0.254285	0.630456	4.45906	68.198	-40.131
7.34439	6.74093	2.39834	-1.47724	-0.131881	0.519561	6.39706	-16.0783	2.22491
0.365593	2.02319	3.35513	-1.50253	0.233234	-1.17622	19.651	0.533427	-13.0865
7.18265	1.64475	6.82765	-2.06882	-1.07266	0.711323	14.6353	-13.4201	-10.1559
1.61171	2.37696	1.36502	0.451004	0.201154	0.744389	-6.58743	12.8391	-6.03744
3.36918	8.3007	3.95522	-1.27406	-2.16865	-0.0520939	12.0684	17.5051	1.75182
0.692016	7.88419	6.55423	1.52454	-0.660075	3.43247	-0.162086	-3.07827	-4.4358
3.80645	5.19445	5.3182	-0.111237	0.0537466	-0.853376	1.5616	-1.59151	3.51832
4.09215	0.761327	7.511	0.0480863	1.59655	4.22772	-4.14524	-1.46806	2.1969
2.37893	2.26552	5.33189	0.410927	-1.59602	3.49084	-19.7043	-6.68	-19.624
5.18636	0.747159	5.83416	2.71347	0.234098	1.47419	4.57808	3.27563	-3.73433
8.61187	6.66133	2.52652	-0.145902	2.72203	-1.27358	-13.1835	17.5127	21.7945
9.02719	8.3454	4.89765	-0.125754	-0.95767	0.141976	0.828931	2.38202	1.08081
9.14386	1.3362	4.93139	0.0255493	1.08382	0.526495	0.00350496	4.58189	-0.905006
3.40041	2.29722	5.27423	0.216905	-0.632458	1.69764	22.361	-20.964	-6.22426
4.14558	7.16925	7.77058	1.50748	-0.955183	0.577926	1.68298	5.91883	-3.79197
2.93191	5.282	1.80272	1.35808	-2.958	-1.05109	2.67675	0.288695	1.8831
9.02436	3.80657	4.90234	1.50156	-0.190253	-0.779552	-1.78522	-20.86	-11.8049
7.62939	1.95051	2.86804	-1.32439	0.232488	1.19078	2.57972	15.28	-2.33445
6.15533	0.999523	4.80755	-0.615269	-0.48912	-0.762977	1.96009	5.21199	-0.0709373
9.54013	1.56609	3.75841	1.41611	-0.259927	3.18303	-14.9304	-3.61249	6.12613
8.53172	4.53194	4.22941	2.34331	-2.659	-1.4873	1.28018	-2.56468	-0.783557
2.36148	1.75774	4.40531	-2.38223	-1.21111	0.436537	11.4362	-12.9112	-14.3774
3.28295	9.67145	5.73202	3.05113	0.555141	-1.62069	5.45341	2.60881	0.731309
3.46823	0.714449	2.92111	-0.965675	-0.362733	0.0722487	27.2053	-6.5628	-4.37014
9.32143	0.522925	8.18853	1.25655	1.0792	1.44656	-3.9778	-0.733088	0.192153
7.94569	8.60622	8.29958	2.69288	2.37399	-0.0501307	-12.0926	2.31928	-1.06494
5.672	7.74003	9.25236	1.22406	0.927568	0.840744	-5.17747	0.648155	6.21241
8.73344	9.70448	0.368892	2.10086	0.589972	1.70788	-5.15759	-1.8831	-6.65669
5.7267	2.42186	2.31543	-0.090289	-1.79145	-0.688632	10.8194	-0.216367	7.68629
3.19886	9.44106	9.94952	0.582197	-0.679387	-0.634857	4.87585	-1.62091	-2.9065
2.89939	3.74472	1.51985	-1.66478	1.16496	-0.0883424	1.17861	-2.04124	2.876
8.02442	2.21817	9.06882	-2.35305	1.3949	-0.0896472	-25.944	-28.0954	2.27035
5.23044	2.66397	1.44176	-0.776752	1.08013	0.978165	-8.16751	6.4653	-11.6986
1.32132	8.84346	8.84223	-1.48172	-0.170869	0.296738	2.38266	-4.33124	1.24616
0.0930974	2.86381	0.931492	0.615711	0.501366	2.63296	10.7741	9.16732	3.40312
3.01492	2.84736	8.54012	-0.155529	0.28004	0.801833	0.77666	15.352	-10.5295
4.07156	9.01385	4.83625	0.753835	0.00286985	0.169634	2.08721	1.46714	-25.3888
9.24655	2.35826	1.57927	0.702925	0.101444	0.59279	-5.10506	6.21703	53.8805
0.980843	5.44165	4.71879	0.819946	1.27128	0.141986	0.0595699	-20.4707	11.2321
2.07321	9.40785	9.50637	2.23004	0.0327052	-0.172367	-1.2593	-14.4932	18.7596
0.4384	5.19379	5.7185	-1.59258	0.594373	-0.249837	-27.2627	24.2252	-38.7277
6.78812	2.38912	4.63007	1.55496	-0.66974	0.381832	-21.915	11.6977	-5.14987
8.86084	9.96917	1.35587	3.01969	0.926153	-1.94205	35.2399	5.17768	12.9817
3.45913	7.99053	1.59102	-1.37046	1.77936	-1.96857	13.725	-0.905293	-9.40984
1.70498	1.04079	5.98145	-0.239986	0.910635	-0.867954	4.12215	-0.292301	-0.702412
8.75639	5.56765	6.04893	-1.16914	2.22013	0.644826	3.30946	8.39739	2.67885
2.90366	3.7702	7.73727	-0.228769	0.710754	-0.108272	28.4726	7.78215	7.16095
4.55074	7.14102	9.45655	-0.270776	-1.60272	0.659832	32.0262	-8.38325	-6.09684
2.08066	5.02232	3.18867	-0.258197	-0.740835	-1.73728	-23.7378	16.275	1.4197
7.69243	1.44739	7.75623	0.309855	-1.73131	-0.250744	10.1886	13.5445	5.15033
7.40579	2.33201	5.89361	1.3987	-0.709044	0.785181	12.7293	30.127	41.5051
5.6749	9.00713	0.167929	-0.93224	0.359349	0.236637	-5.30572	-7.98349	3.1091
4.46011	9.98926	6.00969	-0.309553	-2.48811	-1.09743	-1.55785	-6.45114	-4.96891
1.84845	2.53505	2.92472	-0.39002	-1.95872	0.646678	-2.58172	2.16174	0.0303528
5.29589	2.52242	7.13791	-0.657693	3.18411	-0.867706	1.6253	-2.82216	9.04988
3.97871	8.68223	2.71865	-0.980322	0.904829	0.423869	-8.59025	2.71631	-4.45647
4.7546	4.19595	6.03743	0.607168	3.18764	-1.60291	-3.9453	-14.734	7.55567
7.49122	9.80908	8.42937	-0.0248838	-1.22154	0.621292	5.08797	-28.4731	16.5221
6.2872	6.08654	7.73768	-0.507167	-0.661403	-0.418959	10.8264	-6.20578	-9.93032
3.15992	0.862867	5.55675	-0.103368	-0.779431	1.48754	-5.30956	-1.97237	1.17191
1.47791	7.5895	2.85571	1.52506	1.71836	-0.235122	-1.09418	-1.00366	-0.423306
6.69274	8.59015	1.75126	1.84637	1.50165	0.0466752	-6.045	0.864923	-1.21595
7.89071	9.93847	1.18065	-0.495252	-0.136997	0.605886	-30.9522	22.4157	-5.11132
4.07388	4.78108	2.04419	0.839383	1.26105	1.79248	-6.067	-4.76917	-7.15161
2.93766	8.24074	5.53116	0.971974	-0.981867	0.547461	2.61151	1.28678	1.13825
9.49236	4.12226	3.77399	-0.199028	-1.06297	-1.83098	-15.5924	-1.41864	-11.6273
7.22485	7.67148	2.04108	1.10934	-2.09957	0.530153	-6.00411	19.4299	-4.40284
8.04172	3.47774	3.32898	0.485848	-1.64234	-1.08331	-4.94469	-16.0317	10.6494
9.58965	4.38411	8.52217	-0.408484	-0.467468	-0.153418	-25.5223	-27.9842	-1.32598
6.79469	9.47195	7.21503	1.05175	-1.2207	0.316969	5.34872	4.64391	-8.44699
5.94216	8.80712	6.83117	-3.63868	0.160531	-2.04113	-7.72501	7.32339	17.276
4.16501	1.31582	5.45576	0.468937	-1.35455	1.32163	1.81333	0.912582	-1.20649
9.32396	8.62709	0.180852	0.540108	2.19151	0.560941	4.00851	2.2801	-14.846
8.27089	0.317885	2.17379	0.603203	1.48088	1.31029	-2.85693	-1.12634	6.33062
9.66989	7.50155	7.56266	-0.626825	-2.82765	-1.30657	17.9712	-30.3291	-1.34536
8.45352	0.819189	0.70153	-0.2364	-0.17039	-2.07293	-3.20162	-4.8682	1.33064
2.80295	2.72612	4.41173	-0.673895	0.0637774	0.180141	-62.8721	1.16333	-8.10824
0.16464	3.21071	5.16988	1.40601	-0.275083	-0.330754	-24.6978	-39.2889	-30.8496
8.89241	0.788317	2.99908	-2.25296	2.99775	-0.422573	-1.55051	3.14171	1.04677
8.69691	8.9755	6.14482	-0.187903	-1.57788	-0.63396	9.30413	-1.76835	-1.3078
4.48995	3.57425	4.99742	0.171564	-0.580564	-1.08188	-0.0629164	-1.12604	0.384555
0.275636	5.08011	8.57081	-0.583577	-2.51025	1.08937	25.8437	23.4785	5.18752
2.1608	1.50316	8.34382	-0.780948	-1.39903	-0.667373	5.90519	35.5781	24.3378
2.3796	6.54346	0.544836	-1.07917	-1.57504	-0.290795	35.9969	2.07451	7.36906
2.14778	4.79074	7.72064	0.641475	-0.0548407	-1.60175	3.57802	-3.1256	-2.21809
0.683859	8.02623	7.62799	0.8197	0.07194	1.50897	14.1271	-14.3727	14.7963
7.62299	4.55811	3.59684	0.284263	-0.767266	1.29471	12.6492	-8.41706	26.1404
4.4854	9.22052	0.00837373	0.85993	-0.0138456	0.259776	1.35499	8.70424	-10.7825
9.17978	1.08031	1.55074	1.6276	1.64852	-0.479339	-2.86647	1.53907	-0.461626
0.48685	8.9843	5.5004	-0.500644	1.06721	-0.0862277	9.56305	-3.06761	-4.77696
1.02613	9.86814	8.75076	1.883	0.66021	0.943903	-4.47292	6.33928	2.59427
1.81752	4.59888	0.814766	-0.269581	-0.537846	-0.231572	1.00096	2.10454	3.35815
5.74208	2.14235	0.283784	1.46598	0.269167	-0.546164	-0.739936	-4.06649	4.24511
3.13938	0.369495	8.06199	2.15131	-1.50831	0.521242	1.86895	2.44192	5.62739
2.8619	9.78645	7.21318	-2.07998	-0.991992	-0.824693	-26.2796	-4.48132	3.55944
2.76874	2.74217	0.0340751	-0.692069	-0.0268345	-1.96809	32.1385	-64.9309	13.5057
4.21782	5.68221	3.72813	-1.19628	-1.75666	-0.0479772	-2.95452	-4.39158	0.82679
3.42706	5.69818	7.62368	0.621214	-0.58865	0.189475	0.930796	16.6773	2.94821
2.94873	8.44843	9.39267	-0.00577807	-0.709962	-1.18603	-4.26035	1.66477	2.5745
0.109581	3.3504	4.05337	0.840012	-2.3093	-2.60019	5.68433	-7.61453	3.43348
6.55004	5.75322	4.1237	0.544641	0.386111	0.835951	-0.924295	-1.65443	1.1794
2.81633	2.86723	2.54315	0.31086	0.931242	-0.480322	-4.66865	-3.96892	-1.52917
8.22135	7.48614	7.90747	0.386877	0.0596178	0.112704	1.95503	3.85128	2.42623
2.28491	3.52523	9.85637	-3.88404	0.458662	-0.568139	-21.4645	53.3271	-21.1608
0.225226	7.60935	3.19145	-0.26532	0.097219	-0.291533	5.17381	-4.98411	-9.68864
8.85651	3.56763	0.984889	-1.55863	-0.868369	-1.28234	-11.6063	-28.8375	18.1435
4.03847	3.1537	5.96966	-0.224598	-0.288649	-0.298782	-1.35139	-1.93207	0.99578
0.319468	0.366379	3.52358	-0.366683	0.969811	0.189259	3.34551	1.12495	2.04967
2.94837	2.35602	6.14231	2.19428	1.96931	-0.45841	-1.41088	7.62947	45.1702
4.74661	4.81565	2.87711	1.3058	0.274183	-0.199027	-9.07334	22.6464	3.62326
6.4915	7.85689	8.60225	-0.823991	-0.793674	-0.0743351	8.03909	2.29536	-4.53977
9.0881	8.25519	7.39624	-1.79375	-0.258706	-0.437847	-30.3728	23.2715	-4.84258
2.83914	5.47074	0.144949	1.3352	-0.00372968	-0.145732	-3.8571	-6.49267	-4.34795
1.89156	4.97635	5.77454	0.00404873	0.918724	-2.34012	-3.47756	-5.7872	7.66124
3.55899	1.21989	8.6329	-1.7727	-3.37862	0.696274	-0.919896	-6.24776	-5.18055
9.87495	7.73745	4.17062	0.451776	-0.676272	1.81124	-2.52834	-0.0868254	9.83373
3.36142	6.01537	4.75178	1.0267	-0.114231	0.108575	0.941809	1.51383	-5.46696
9.57891	9.52638	5.30733	1.73338	0.328257	-0.560802	1.85776	1.68851	0.247608
3.74048	0.031723	6.80199	1.78666	0.135847	0.18811	15.3887	2.63821	-9.83001
9.4043	1.29698	7.14652	1.27495	0.0217338	-0.484735	0.169568	-0.0697124	8.97789
6.86161	7.3493	9.9658	-0.145238	-0.497085	1.4537	0.492177	3.08349	-1.73145
7.44839	0.950376	2.98434	0.909907	1.22851	-0.166607	14.8511	9.47619	-12.0605
3.98213	7.93454	0.543092	-1.28241	0.052401	1.24015	1.33054	1.27204	1.48067
7.44198	4.87283	1.169	-0.922803	-0.410998	1.05382	-3.58861	-0.0329853	4.6746
5.37502	7.42646	1.84251	0.838862	1.72418	-0.59506	-1.83577	1.02728	-0.357566
8.56134	3.78481	9.9444	0.9931	0.256233	-0.542883	-5.69478	-7.90234	-7.46511
3.97977	3.79402	0.620155	0.903158	-2.09059	-1.93697	-6.63677	-4.70082	1.75364
6.49541	3.80489	2.89618	-0.342739	0.0479127	-0.837478	2.26448	0.149466	13.3054
8.52836	9.42295	5.13092	-0.165831	1.72777	-0.168254	-6.64921	-2.20183	-1.67459
5.40182	9.99314	2.00925	0.0695946	-1.6101	0.392307	2.8503	6.6859	14.2658
0.764184	2.7251	2.0763	-1.84982	2.82464	-2.20093	0.873422	-0.455608	-1.31942
6.40616	2.14526	5.9191	1.41676	0.243255	0.141041	-21.9138	10.8792	-4.60644
5.16628	9.57728	6.84334	1.05893	-0.891206	0.205139	2.64701	9.05229	-1.74608
7.72626	3.99001	5.18162	-0.561263	-2.94483	-1.29155	2.19914	1.63941	-0.450699
1.69888	9.50695	3.02854	0.683857	-2.21293	0.36332	-2.79672	16.3094	-16.242
5.02887	1.83424	2.87311	0.924712	-0.961504	0.527058	-3.48956	-2.53329	2.98974
3.70125	2.9323	9.55766	-2.92059	-2.29067	1.9138	2.13521	-3.87536	-2.30819
4.39808	5.0961	8.22218	0.498127	-0.839718	0.0160636	-0.383326	-1.91621	-1.82953
4.50082	3.61523	9.32082	0.409978	2.23417	-0.181882	-8.23921	5.03488	-0.311317
3.87826	5.62558	2.64767	0.085368	-1.3453	-1.53199	-0.315469	4.85369	2.73225
7.81852	9.01592	9.73313	0.989571	-1.22119	0.381546	0.0491049	-1.21363	3.33615
7.47937	7.60053	3.78234	-0.888694	-3.13212	0.619913	-0.323689	-4.05694	-0.965955
2.06135	5.87145	9.45058	0.0059452	1.27877	-0.705675	-1.07351	1.41929	1.70602
7.50118	3.29398	9.08756	0.134655	0.416433	1.48518	5.08978	-2.94055	-0.316566
9.67088	5.08834	7.59298	-1.09858	-0.0825826	0.538961	-1.55771	-0.894157	0.25606
1.65022	0.113415	7.10869	-0.170217	0.353751	1.49057	-2.12075	-8.57965	-14.3657
3.356	4.88964	4.00919	0.804727	1.40647	0.380551	-25.4843	21.0337	17.9072
1.66638	9.10866	6.60481	0.20048	0.610794	1.05033	0.41742	7.02843	4.39994
6.68461	9.83936	9.50909	-0.296487	-0.724359	1.13741	-7.79918	-28.5879	-9.93628
2.15869	2.02986	7.01298	-1.12882	0.783549	0.735917	20.193	-36.0452	58.3546
8.20442	0.440604	7.55712	0.538031	1.60878	-1.3867	12.3955	-3.4033	-8.5547
5.3686	5.83666	8.25295	0.109357	-0.966218	2.06304	-12.9927	-15.2649	1.9439
9.63575	4.71835	4.59613	0.659383	3.56693	-0.435175	12.5437	10.9826	-8.45723
9.60646	2.39992	7.3724	2.26385	0.511853	-0.276439	3.37468	2.13937	4.62753
2.72221	5.71135	3.76489	0.860876	0.539136	-1.80225	21.1436	-13.7166	-3.00021
9.93379	7.53465	9.3994	-0.841616	2.39762	1.83	-3.52024	-39.532	9.89668
4.93202	3.66422	3.91905	0.379411	1.25088	0.649799	4.37707	-15.916	-9.79601
6.93094	8.58637	3.73397	-0.464565	-0.784614	0.548127	-6.80367	-0.26163	-1.27358
4.38902	9.52635	7.91742	-0.861322	0.674815	1.30648	-0.674917	1.87472	-4.35675
6.78853	0.280499	1.3882	0.682741	-0.771813	1.11374	2.07179	0.993529	-0.982329
1.2773	3.66235	1.31898	-0.566989	2.0005	-0.100495	-4.29519	-0.711188	-9.61365
4.7036	5.60561	6.15101	-0.034369	-0.480513	-1.41074	24.3087	11.1901	-32.6375
2.02387	0.867619	4.84012	-1.07687	-0.729057	-0.319727	-2.54598	-10.1793	4.57883
0.488414	0.323809	5.39491	0.348036	0.595524	0.0318108	0.704453	-4.48216	-1.67568
8.83943	8.41501	1.06421	-1.18908	-0.521366	-1.078	23.3213	-24.6508	-14.7679
4.40298	1.60619	9.15379	0.56303	-0.795962	-0.0847113	6.4814	4.44768	8.30865
0.0629798	8.63	7.11559	-1.60119	-0.750521	-0.583697	-11.8836	9.51781	-7.38525
4.51756	5.08809	6.97317	1.03274	-1.09065	0.397082	-6.65731	-5.51223	26.6924
8.93065	9.28053	7.51295	-2.71921	-0.00562404	0.858648	-2.59992	9.33802	1.38854
6.14322	5.83286	2.36382	-0.00281682	-0.040297	-1.32328	-1.96423	-3.3072	2.38062
3.64818	7.76865	6.35501	-1.29393	0.194143	-1.13367	3.37462	0.598198	-4.74988
5.37595	9.80277	9.55416	-0.484719	1.50526	-2.51431	-2.81312	7.94855	-6.88021
4.62651	8.68312	6.95538	-0.622898	-2.06855	-0.801437	-1.713	-7.74929	-1.59741
7.04411	5.84848	1.77681	0.690115	-0.789351	-0.0659606	3.44682	-4.2959	-4.00331
6.79628	2.63161	2.20015	0.253368	-1.76317	-1.29306	2.44475	2.7709	1.87111
0.990572	7.20337	1.83857	0.0198179	1.69709	-1.74338	-3.81352	-3.73094	7.86377
7.01238	0.709259	9.8709	0.925359	0.647474	-0.79648	11.0415	20.9054	8.88449
9.20737	6.05464	5.02431	1.2884	-0.893634	1.23777	0.399539	-1.09045	3.14914
9.72301	3.70003	2.7793	1.71254	-0.311836	-0.991003	2.00904	-0.424333	0.926938
8.15189	5.31532	9.22927	-0.480775	-0.147032	-0.179686	3.92019	-0.315714	0.324225
5.15129	0.11702	3.72747	1.5296	-0.0767277	0.498913	0.437125	0.423028	2.26006
1.09658	2.35569	7.35652	-1.51211	1.46056	-1.10152	1.73581	3.01264	-1.3725
8.79068	2.24126	2.79746	0.0170698	-0.77516	0.722818	-8.59403	-6.52711	-5.83652
5.33838	2.1709	8.49764	-1.59482	-0.452274	-1.31231	2.04322	-1.25465	0.476717
1.60322	7.0586	7.14301	1.27561	0.135729	-2.36139	-17.2413	2.57205	-8.45799
6.92378	8.9296	8.80017	-0.615573	-0.0132944	-1.24775	-5.38432	30.808	-3.62965
7.29124	6.14215	9.26675	-0.347957	-1.4975	1.41776	-2.77897	-58.6898	39.0366
3.44057	1.13398	0.437566	2.51952	-0.223237	1.73497	-8.73945	7.07739	10.1334
9.89355	0.0959115	9.24097	0.854622	0.475649	-1.34314	-0.914739	1.9985	1.59455
2.33784	9.33877	1.62561	-0.377808	-0.456113	0.908618	1.3013	7.67362	9.56752
3.20743	9.85832	1.35527	-0.598918	0.244221	0.625588	8.79419	5.6733	-0.832037
1.44323	6.4387	0.282303	-0.849503	-1.77314	-1.04803	-35.7429	-3.36383	-10.0565
3.91888	9.76356	2.39484	-0.370212	-0.554848	1.70678	-2.11755	3.9992	-0.763312
7.7582	9.32817	6.49129	-2.29604	3.53508	0.677638	-7.85457	-2.68327	8.4241
0.858825	2.55202	9.9876	-2.03652	1.41126	-1.61593	-1.73783	2.17522	2.2018
2.17401	6.33132	2.83903	0.978569	1.47396	-1.38419	-0.422477	-2.24779	-2.74364
9.32038	4.70237	1.90488	-1.75309	0.167261	0.843665	34.8258	-28.6715	-20.1326
0.547409	7.11528	4.86477	1.03279	0.209311	1.05207	-6.40578	3.11952	8.7276
3.47586	6.2341	0.482049	-0.943053	-1.39391	0.381347	8.19046	6.90483	0.192331
4.30775	0.910575	1.23145	1.48141	-0.21671	-0.00778971	-1.47266	1.37294	1.74563
2.28305	0.0146728	5.92831	0.24029	-0.301771	-1.68722	-4.75579	4.2827	3.33469
3.01831	7.92477	2.53089	1.23439	-1.89446	-0.20164	-2.76167	-0.024203	10.0758
2.15005	7.21716	9.26248	1.39021	0.701345	-1.4703	0.575257	-3.81891	4.00405
2.27916	8.73521	2.51499	1.86907	0.488013	-1.06146	-3.00105	-5.24777	-0.625467
3.53516	5.58058	8.73512	2.08186	0.457676	-0.198702	-4.64985	-34.1959	-12.7927
0.0729311	3.23444	6.40707	-0.77365	0.24482	-1.5674	-3.17044	-0.0424532	-0.757576
0.472028	6.18367	2.89308	0.726779	-2.04471	0.228882	-0.946745	0.0932324	-2.08143
4.34335	1.68791	4.31092	-0.852991	0.0328398	-0.643636	14.8192	11.7097	10.8319
0.969304	6.33477	4.27704	-2.56334	0.611435	-1.58214	-5.30528	17.3499	-12.9271
2.81541	7.46829	3.81181	-0.0697722	0.193543	1.53812	-12.5027	-17.4712	-4.6497
4.42717	6.6757	2.49339	-0.210967	-0.968167	1.20261	-0.44882	-1.13896	-4.93181
2.3054	8.94011	0.659371	-0.0979571	0.802155	0.154056	10.908	-0.50913	-9.26853
8.23573	3.64924	1.97524	-0.344089	-0.565976	-0.343052	24.9058	-0.0125852	16.7637
7.85375	8.98033	4.16005	-1.61978	-0.576927	-1.10361	3.17399	2.04651	2.59135
8.45306	4.60377	6.36012	0.609421	-0.456255	-2.40611	47.8798	34.3172	-7.25345
3.45182	2.91387	7.01299	-1.80523	0.525497	-0.866071	-21.0478	16.3328	-20.0511
4.75004	0.288971	4.78892	0.0601333	-0.692089	0.676234	2.05288	-0.165351	3.77398
5.53542	1.23801	7.11583	-0.200643	-0.0580146	-1.74847	-0.560956	3.01717	0.836936
2.05234	3.90639	8.74418	-0.810215	-0.108127	-0.0446858	-2.30512	-6.00467	-4.2347
4.75854	3.929	2.01883	-0.485363	0.299499	0.302313	-35.8524	-19.2638	-44.8247
7.70022	6.20423	5.89943	-0.674623	-0.649029	0.589744	2.11862	-0.786471	0.185192
0.582524	1.88983	1.24613	1.57358	0.319366	-0.978088	-0.210308	4.97326	0.482071
8.41226	5.21067	0.774048	-2.9254	0.841992	-1.28506	14.3401	-34.0719	-14.7038
6.81969	4.95617	3.19533	1.37485	-0.861102	-0.463555	-30.3778	12.5055	-15.7481
9.17888	6.73178	8.53483	-0.0959388	-1.17865	-1.15566	1.58181	3.39115	-3.13444
3.93829	2.77604	7.86155	-1.46634	-1.40288	2.061	12.9914	-4.14081	26.2835
1.50185	9.20906	4.917	-0.32004	0.741189	0.178199	5.0295	-3.251	5.60053
8.66285	7.77376	9.67079	0.0255946	1.00282	0.844948	0.58338	2.84154	0.406318
8.0917	3.17719	4.53106	1.80754	0.572699	4.02159	2.56402	-1.22318	-0.952078
6.78513	6.69699	3.2914	0.262076	-0.677337	1.90922	2.07076	-6.9408	11.4194
2.09044	9.80426	8.59181	-1.46697	-0.0644793	-2.07779	9.17882	0.739715	-33.6159
9.57529	2.1687	8.73915	1.72181	-2.20544	0.942123	6.28077	7.54657	-15.5207
8.18303	0.713753	6.36276	-1.28135	0.32332	-0.290078	-0.589429	0.83949	2.68167
7.60928	7.40864	6.05275	-0.0917784	-0.0786697	0.424447	-3.65253	0.999032	-0.0450507
2.51946	5.83281	5.89479	-0.4778	1.67186	-1.57265	2.63757	21.6568	14.3349
9.60802	5.46346	2.445	-1.59182	-1.48457	0.778153	13.7322	29.7941	20.7693
5.20694	7.48919	7.12968	3.95287	-0.95883	-1.08133	2.45234	3.03854	4.23402
9.19628	2.63947	4.41752	-0.340031	-0.722301	0.792149	-13.6633	8.518	-5.24155
5.73085	7.78753	5.9554	0.399885	0.754253	0.6566	-23.3374	-28.1002	-10.0563
0.9188	5.34358	0.944298	0.0631025	-0.917193	-1.126	-0.421443	0.26869	-2.03308
9.17739	4.62	5.48028	1.28846	-1.56141	-1.80154	5.09001	4.45692	41.5417
9.5663	5.54771	9.95381	1.82801	-1.09849	-0.526053	-38.9977	36.843	10.4134
9.2164	6.99845	3.55216	1.38522	0.136112	-0.620595	-0.856065	-1.20706	-1.24603
5.25966	9.15734	4.65866	-2.00505	1.05761	0.49559	-26.1113	12.6022	-1.04076
4.19067	3.93437	8.06002	-0.883968	-0.513475	0.830275	-3.53862	0.424335	0.658206
3.25564	2.42558	3.47132	-0.56572	-1.4212	-1.18502	2.11513	-6.10033	-0.0456145
8.69085	3.85044	6.91723	-1.14963	0.313205	0.971836	24.2515	-32.1361	33.5519
6.6447	8.72769	9.86058	0.834624	-0.152602	0.236684	-9.03308	10.7954	13.002
4.92225	6.22519	9.99048	0.294827	0.606503	1.78555	0.830674	6.00811	-5.84334
6.27688	2.66526	3.36073	1.29918	1.95115	0.157089	1.03118	-0.143568	-1.82793
7.12064	5.12409	9.50844	-1.38203	-0.169953	1.32588	-5.5569	-7.69702	1.45149
0.642664	0.918861	0.751186	1.95289	-1.15081	0.834794	1.47114	-1.21509	-1.73661
