3.99555	3.06416	6.66502	1.2308	0.721018	-0.337235	-7.81274	3.66525	1.70767
2.36509	9.49462	9.6535	0.358258	-0.839139	0.337459	19.3999	-16.1105	6.73587
3.42947	4.14597	2.82224	0.310218	-1.10857	1.91429	3.11308	-1.58014	-1.35355
1.7316	9.68214	3.70447	3.04939	0.223437	-1.29693	-1.46177	-1.05925	2.52305
4.52984	1.17337	6.17873	-0.131802	0.2254	-1.54203	-1.02543	0.271581	-6.51951
7.74986	6.16544	1.42859	-0.553109	1.07182	1.54526	-1.12934	24.9827	9.93989
8.04192	0.992371	7.00416	0.161509	-1.99383	1.38603	-1.38754	-16.7991	3.57988
9.35754	4.79489	6.57762	-1.16014	-0.617355	-0.894093	-1.50187	15.4151	5.45237
7.4681	9.85829	3.29402	-0.00346726	-1.86555	0.891979	25.933	-20.9002	26.9696
1.60717	7.8945	5.90834	1.80329	0.0492994	-0.671531	-1.01607	1.06781	1.45513
5.08238	6.05363	0.449583	-2.8614	0.278452	0.278698	44.7026	2.25472	-5.89691
9.17165	4.17079	1.74092	1.67708	1.83777	1.31625	84.2903	-35.6346	-62.4796
2.82159	1.6798	5.4539	-0.802132	-1.72315	0.212168	5.37631	26.2328	14.6622
9.34826	5.49282	7.59836	1.66358	-0.544676	0.947613	-20.1166	-1.23105	4.98909
6.10494	7.90577	2.0247	-0.80712	1.03779	-0.60646	12.2132	14.9122	-10.6208
5.47995	3.07252	8.12508	-1.06232	1.90444	1.51238	-2.17422	-5.5116	-28.3937
7.56831	9.53909	1.55143	-0.328307	-1.3397	1.6704	33.1376	-17.158	-14.5695
7.32119	7.45213	1.43723	0.474558	1.00128	0.761049	-13.9638	15.7428	-51.2326
3.77543	0.339472	1.61528	-2.10779	-0.204911	1.53875	20.2352	21.6343	-2.44859
3.64209	0.526348	5.63452	-1.2939	1.60091	-0.41263	5.92766	2.05336	-2.40602
9.45523	1.85178	0.80012	1.19681	1.13511	0.888667	55.2653	10.3062	5.23423
2.1557	5.07178	7.4978	-1.33811	0.46103	-0.527062	0.891441	-0.118187	2.09888
1.52827	1.00316	4.20517	0.22849	-1.47598	0.203443	-7.05317	20.5289	-23.7398
4.66855	7.29419	3.0132	-0.202353	-0.595313	0.602467	-0.508436	-4.81821	-7.01229
4.49192	1.08703	1.22575	0.870094	-0.136298	-0.543553	-2.40581	-1.66708	-16.4472
0.730314	8.76727	5.92215	-0.606825	0.381732	0.912898	0.017796	0.836177	2.09585
0.882656	4.2173	8.34915	-1.88383	-1.16833	-1.24001	8.07576	19.9273	10.217
8.52151	2.02847	1.00943	0.151842	-0.489094	2.33797	-41.0403	10.8369	14.1636
6.36891	3.19369	1.6165	1.26076	0.77619	1.37563	0.188463	-7.1853	0.866252
8.9937	1.57446	6.18257	0.588284	0.749126	0.178725	11.0311	-8.54465	-8.59678
9.79105	7.55605	3.30644	-0.223361	-0.577577	1.164	-56.9276	-4.74759	-16.47
1.59642	9.56451	5.9634	-0.267181	-2.3967	-0.211802	-8.76918	0.174931	-21.1281
9.61016	5.53747	4.1795	-2.49207	-0.167251	-0.589119	-2.21747	3.61545	-2.27944
6.20191	9.96724	1.70311	0.146073	1.81291	-0.890273	-39.3271	-25.3301	25.3121
6.81945	8.72735	1.49366	0.0140799	1.06315	2.13689	-5.56231	-6.70383	-10.5894
5.09284	3.09412	1.31713	1.37784	-1.22687	-0.840777	0.357238	-0.21016	-3.45015
0.47874	8.85344	3.03876	-0.0208089	-1.51239	0.883743	0.430017	-6.84565	1.11018
5.73081	6.54317	8.37314	1.55883	-0.838561	0.336762	-3.36126	1.40798	-3.49467
3.04785	5.25142	4.41412	-1.03517	0.297195	-0.0679929	-3.04078	11.093	-0.724636
6.24346	3.16149	7.00008	0.444002	-1.08474	-0.111403	2.10582	1.66315	0.576295
9.92721	5.81505	0.776805	-1.11361	-1.87897	-2.47919	-5.84625	-5.00335	3.49273
8.36142	1.83899	3.62483	1.16792	0.773328	1.83372	-14.2586	-21.2956	11.0355
7.56494	1.19799	3.48901	-0.830936	3.08715	0.362381	-10.3971	-11.0873	-2.71333
9.1557	8.98439	3.0054	0.163356	-0.94284	-0.76158	3.46828	-7.1457	-2.17113
2.64176	0.26096	5.96267	-0.179062	0.461019	0.448894	-5.43376	0.258641	-6.36565
1.46088	3.94718	1.13503	-0.137985	-1.4595	1.36902	-15.0917	8.73633	-15.3738
0.493801	2.50859	9.07609	1.25135	-0.971074	-0.704832	0.532102	-0.0558085	-0.339519
7.44759	3.36391	2.01479	-1.4189	-0.852828	0.0401233	-1.90482	4.66016	8.71872
9.22297	1.95761	4.59644	0.965356	-0.830853	-1.23014	-0.819072	-0.619768	-1.84119
8.95779	2.58795	3.45243	1.71319	1.70198	-0.502536	22.8154	32.1367	-3.3459
1.37025	9.33176	7.00412	-0.255907	0.204926	-1.28543	-4.13739	-21.9789	8.61496
6.01347	0.999719	3.13055	0.305085	1.28115	-0.45635	5.98093	3.49935	20.256
5.85138	7.70883	9.42302	0.0453728	0.192998	-0.859816	-0.557356	-6.9488	4.65985
5.12075	9.74686	4.01162	-1.93332	-0.373869	1.69541	2.86815	-9.35019	9.90014
5.80046	3.69292	5.68105	1.08595	0.838254	-0.293184	-23.9867	-24.4753	-8.94534
2.8036	4.31629	6.04969	-1.15578	-0.452539	0.288344	-7.54348	4.60245	-13.8216
7.42543	0.393828	8.5958	2.56785	-1.16983	1.20883	2.88812	1.60675	1.69902
1.30901	5.15397	0.750618	0.455692	0.543403	-0.233413	4.39655	-7.76366	-0.891541
3.08157	7.01898	2.73756	0.435101	1.86627	-0.385911	-4.08887	2.22257	2.41227
8.0199	8.68109	1.97598	0.0798791	-0.509315	1.61515	-0.978378	-6.40355	5.78229
2.84316	6.57087	0.0820134	-0.00403518	0.908224	0.339582	-12.2729	18.2496	17.8531
1.3371	5.5348	6.48917	-1.06819	0.377856	-0.160987	-1.43153	0.0764653	1.85165
4.14016	9.40957	2.92634	-1.14513	0.908504	0.860219	-1.68716	3.06903	-3.64021
9.32578	8.62662	0.857261	-0.664199	0.111184	-0.0471547	-2.84934	10.5818	16.4952
3.30036	7.74796	9.41715	1.56274	-0.955212	0.853603	-22.4189	-8.73175	-17.6538
7.62518	2.94459	1.04496	-2.31434	0.1378	0.854129	1.78826	-1.23322	-5.58576
1.24084	3.45264	4.00638	0.426235	-0.18125	-0.594514	0.191494	-2.36662	-1.92496
2.79529	1.36053	1.6042	-1.17967	-0.924936	1.1532	1.11406	-0.0141056	-2.64555
3.83449	1.9728	0.533194	-0.118982	-1.83549	1.66707	15.5922	4.5309	24.2083
9.91626	6.38153	3.4325	1.32218	-1.08128	0.370261	-48.2828	5.18259	13.8617
5.69115	0.858908	2.18845	0.101215	-0.935297	-0.918478	11.8127	-27.5096	-21.9536
0.0621997	1.9491	2.53806	-0.640924	0.361551	0.851737	-7.19746	-2.20936	1.52461
5.14256	4.53124	5.25814	-1.41782	2.65018	-1.46039	-1.96803	-3.18077	-0.481645
1.79949	6.41656	9.0404	-1.36861	-0.633327	0.293133	-4.16447	-4.24792	-2.92338
3.50119	2.12586	7.07248	-0.782777	-0.495225	-0.305735	1.17935	4.41055	-3.95923
8.48634	2.924	1.78538	0.252995	-1.96155	0.0512505	-2.17643	-3.91459	-13.2867
3.90152	1.89947	5.68191	1.22033	-1.06624	-0.107572	-5.06247	-4.1498	7.11184
2.70051	9.90596	6.94914	-0.750176	0.612016	-0.0788098	-2.26519	-2.73858	9.82642
6.72413	9.28074	7.0575	0.80274	1.05533	0.849843	4.73285	2.00168	-9.13369
1.29429	2.80326	8.34801	0.454845	1.80849	0.236912	-3.50833	-1.77455	2.1568
5.10084	7.67578	2.13779	-0.61021	-1.42865	-1.16188	4.86482	-10.4255	-0.654674
6.83136	5.44653	2.49433	2.01418	-0.0901444	1.39926	-34.8781	1.9609	-8.0516
0.647436	9.88816	3.2726	-0.691364	1.26994	0.277931	2.53753	2.69104	1.58667
8.32093	0.509754	5.96619	-0.0307502	0.470893	-0.620548	-0.275085	2.86262	-3.89604
1.4196	0.894563	1.80258	0.378244	-0.396023	0.727002	1.42959	-1.4686	-3.00008
5.87766	5.60895	3.67474	-1.57759	-0.20668	-0.84625	2.04109	-0.552546	-0.00349507
8.82162	6.42491	2.53408	-4.35314	0.628322	0.256084	-0.89405	3.4524	-8.19325
4.99425	6.56446	2.05589	-0.802362	-0.23713	-0.559832	2.08403	-1.52454	0.653864
8.50539	3.61915	6.61928	0.688998	-0.280042	-0.888653	1.09074	-1.29238	1.20525
9.28861	1.0945	1.49983	0.121692	-1.965	-0.0397502	-8.19624	1.25718	-11.0992
4.99639	0.834897	4.19374	-1.67268	-0.0408915	0.796652	24.6944	1.04925	-7.66451
4.43574	2.10923	1.71358	-0.851261	0.261869	0.269368	-1.30106	9.48635	-3.01248
6.33264	9.83412	9.55843	1.32315	-1.06744	0.811868	-13.2079	16.6793	4.99435
6.81119	3.75836	4.25725	-0.370321	-0.158358	0.820976	54.1152	-9.92788	-30.5048
2.26978	8.90918	6.38518	0.403135	-0.127997	0.723892	10.0437	-6.61598	5.96086
5.4032	1.15493	9.11804	-0.949623	1.33861	-1.06075	-1.48886	1.41055	1.35183
4.48492	1.74851	3.78285	-1.26318	-0.859044	0.00672322	5.04814	14.0404	0.840678
8.27767	8.35622	8.44276	-2.17855	-1.32487	-0.700355	-1.46449	0.179408	-1.19982
5.52881	4.60985	9.51069	-1.43064	-0.538254	-0.156445	-3.48249	-12.8161	-21.3337
7.80032	2.93867	4.40926	0.979962	0.973189	-1.92196	-30.5122	-6.10424	-22.4662
2.46405	1.94643	0.0752943	-1.92104	-0.640992	-2.27752	-15.5005	2.79453	6.42493
0.0363576	4.62127	7.64651	1.31723	0.277866	-0.417089	16.9908	7.75194	3.75675
8.85647	9.52974	9.84945	-1.28486	-0.580704	-0.0607196	-5.29254	7.2098	3.44421
2.21577	6.54226	5.64628	0.3155	-0.756513	-0.401459	6.32544	13.91	3.19843
8.71157	8.6449	4.99607	-0.882052	0.766829	-0.0439293	25.1686	-5.03262	3.81887
9.90389	3.3736	0.548858	-0.114453	-1.56062	-0.554146	26.1236	26.9542	25.851
8.26416	1.96405	6.78343	0.405835	-1.95017	0.0975696	-8.60343	23.9829	5.54342
5.89578	6.81802	0.112144	0.0920465	1.19698	0.316745	-2.06033	-1.67389	-2.82726
7.3763	5.33534	8.41057	1.27605	0.415266	-0.419025	-5.53262	-1.59476	-3.48932
4.42549	1.18683	9.92903	-0.155533	-1.52721	-0.489017	-1.13754	3.36868	0.431084
8.6925	6.06629	0.870303	-0.79929	0.891852	0.0255522	-4.74766	-24.2853	-2.48759
2.56892	8.57263	9.07259	1.0359	-2.50513	-0.0153763	1.2434	-0.341688	0.61147
3.99942	8.02002	0.0619231	-0.808768	-0.0281668	-0.544757	2.92517	17.9678	22.4971
8.96702	8.91216	7.8381	2.03664	0.00593283	-0.0675266	-39.2099	72.473	-41.4696
5.05613	3.35625	0.155263	1.27153	2.47076	-0.111861	10.8905	-15.8088	5.90871
6.06542	9.78113	3.03348	2.18706	-1.13586	-2.0455	-29.379	-17.9686	14.3155
6.35153	4.19039	1.99343	0.604061	0.00422321	2.40925	10.4615	-4.30604	13.2338
2.09811	2.46686	1.04395	1.6532	-0.0267561	1.46487	-8.96967	-1.11228	-2.92722
6.27896	7.63266	0.876963	1.57499	-0.70256	-1.95619	-9.19898	3.71663	14.8957
8.51741	1.98216	9.05411	0.821465	0.781934	0.490837	0.614577	-2.75452	0.560868
6.03239	6.51621	6.54756	1.7665	-0.362834	-1.51941	13.3175	33.2985	-2.32153
8.52207	5.53583	9.73876	-0.315034	-0.0780685	0.0590159	-0.950436	17.7189	-0.967315
6.77347	1.20932	0.0741704	0.539	1.11705	0.399232	18.6525	-6.9728	-1.73572
1.75687	0.396346	4.94571	-0.410608	-1.09158	0.496783	1.97436	-26.4271	25.0893
0.720601	7.95219	8.12095	3.06719	1.69614	0.453968	-88.4348	-39.2059	-20.5747
6.38028	9.4152	0.622388	0.728692	1.61191	-0.773614	11.0435	15.0013	9.97116
4.98186	4.15937	7.74239	-0.91318	-0.914521	0.912446	2.25819	-0.743814	-1.2635
4.59371	5.16829	9.38074	-0.790814	0.206753	-1.65153	1.89891	2.83628	-5.83425
0.470312	2.40348	4.93712	-0.489963	-1.81731	1.66255	-3.05659	1.19561	-1.38955
4.81133	8.99128	9.81907	-1.89052	1.4676	-0.933849	-2.67892	-0.248004	1.62566
0.374972	6.73635	0.517325	-0.166481	0.916257	-1.15175	10.7896	-21.44	30.0444
9.43801	5.61425	2.85986	-0.683061	2.38271	-1.7534	-0.586888	-7.05316	14.0167
2.44974	7.03256	1.50315	-0.30703	2.04808	-0.990974	0.170011	0.752872	-1.024
5.65102	7.52751	4.04721	-2.03165	2.12889	0.278748	-8.93069	8.48475	-2.66823
0.816398	6.21932	3.75119	-2.10471	0.895677	0.931628	39.1748	-2.62654	11.737
4.30667	3.82728	4.75458	0.42796	0.756678	-2.26709	-0.136925	3.53614	-0.621951
3.87104	4.58064	1.61302	1.26012	-1.00405	2.58969	-7.59767	0.353395	-3.46933
0.24962	7.16891	8.77737	-1.53351	-0.350175	0.673427	-34.5512	2.55925	14.7179
4.5216	3.62368	5.82811	-1.10065	1.1383	-1.4371	1.16629	-18.9565	-13.5356
4.4993	7.46765	4.0094	-0.428347	-0.778892	0.796	-0.916072	3.66738	15.9958
3.81695	1.59751	2.75481	2.23067	-0.864501	0.319181	4.15324	-4.03143	0.770764
4.78304	8.74563	4.51652	-1.19483	3.42916	-0.106537	1.64923	1.23729	-0.470064
3.48852	5.18061	6.68443	-1.36577	3.02052	-0.70854	-1.32176	1.51697	-2.40174
7.528	7.22127	2.3404	1.21263	-1.25534	1.29644	10.5234	-17.1862	52.618
9.00101	4.76215	0.868145	0.0340926	-1.33609	0.453461	-23.4791	16.4777	17.7154
4.33524	9.26964	5.53848	1.79045	-0.284731	-1.12672	0.958095	3.06414	0.235594
2.54357	4.88122	2.64312	-0.557125	-1.48493	1.01263	5.71018	-12.7985	12.7772
9.32086	3.99075	7.28994	-0.158531	1.31267	-1.1472	-4.9674	-12.4751	-3.27132
6.98408	2.02679	6.18604	-0.812154	1.99382	-2.06588	2.59165	0.102023	-1.74223
2.07822	7.3971	4.69756	0.399713	1.4764	-0.747496	-6.47088	-4.40709	8.79898
3.27303	4.26856	4.67318	1.44667	-2.39745	-0.542009	-18.2169	-36.393	-7.47621
9.68479	3.28242	8.65406	-0.847396	0.386859	0.452439	1.71781	-0.614168	-2.49093
6.89365	5.64879	6.37872	-0.538443	-1.15498	-0.814692	-3.54238	-0.225863	2.27831
0.885009	8.15344	6.98733	0.911905	1.67327	0.455921	2.8592	2.98047	0.616383
2.73097	0.810188	4.99949	0.364754	0.67914	1.67401	1.82795	1.41865	-7.77905
4.48213	6.28863	4.20413	-0.545271	0.798195	1.31298	-2.48198	1.63234	-3.26748
6.63305	1.71153	4.6005	1.14033	-0.506299	-2.19042	-11.7251	1.3346	-9.15708
4.87411	9.12739	7.05375	-0.150262	-1.88868	2.31674	-0.289791	-0.584114	-2.83817
2.36282	3.53446	2.89782	-1.23388	-0.733766	-0.891755	0.632438	2.89562	-1.65832
6.6962	4.64634	1.06197	0.759773	1.76037	-0.628561	-3.58005	3.73713	0.889992
1.20276	1.62509	8.86454	1.79944	2.27999	-0.363982	47.268	17.3461	-18.1308
3.07909	3.87049	9.89901	1.28751	-0.109275	0.558751	10.7535	-6.10457	7.87706
3.92092	7.02527	7.23124	2.00416	-0.275439	-0.694298	9.12187	-0.47435	-12.5667
3.4424	3.23452	7.79719	-1.18607	-0.0792983	-1.40988	-6.97585	-7.67105	-8.50727
5.31403	4.65386	3.96584	2.62264	-0.645962	2.08006	-0.925365	-1.63586	-0.549109
8.81135	3.65855	0.548247	-0.813075	0.987087	-0.521763	2.55499	1.98103	2.87967
3.11017	2.70028	1.12904	-0.809507	1.48344	-0.775599	1.40134	-10.97	-9.88772
6.95641	5.00613	9.37097	-2.82946	-0.141509	-0.519124	-2.54276	3.19178	2.76652
0.756916	5.46755	8.72311	-0.906023	0.596518	0.377504	1.4258	-1.1176	11.3582
2.07184	4.7467	1.60428	-1.23056	-1.78951	0.310376	0.649661	1.16358	-5.36514
9.84266	3.48435	4.84021	-0.653023	-0.150491	-1.12481	-5.07583	-3.09824	0.744313
0.711906	9.46264	2.00554	0.734475	0.69786	-0.93316	-3.3629	0.00460205	1.65106
3.05665	3.20369	5.80479	-0.0480619	-0.749436	-3.24857	3.60976	1.49701	3.01876
1.39733	4.9989	9.56807	0.557594	0.966374	-0.0717555	-4.26997	3.82435	3.35881
6.30298	1.68662	2.20392	0.199293	-0.609794	0.729784	10.2936	10.9527	6.39639
7.65131	3.46327	5.30671	-1.30081	-0.511903	-0.274291	-7.39429	1.45417	4.95158
9.35159	7.07837	4.08819	-0.333771	-0.225088	0.73513	-9.43538	-9.43945	16.298
8.66645	6.11692	6.56683	1.25153	0.234295	0.869556	2.192	2.54103	2.40342
2.19691	6.6134	3.48377	-0.398132	-0.603226	-0.440596	4.2118	3.88579	0.443551
3.00983	3.89045	8.58076	1.99568	1.16531	-0.56442	-0.862326	-7.45021	13.8426
2.71582	3.27009	6.9303	0.218181	-1.39408	2.09788	-0.162986	-3.65149	-0.483255
4.23599	9.47338	8.77859	1.57012	0.664553	0.044141	-2.15488	-0.0143756	-0.463751
1.13047	7.0931	8.36091	0.886671	-0.38077	-1.30604	49.4019	-33.4556	-8.19471
2.20586	4.44099	9.17074	-0.0462076	-2.00445	-0.107925	12.1422	-0.928019	0.0137884
6.37602	4.35489	6.1249	0.720879	0.753431	-1.05173	19.4527	23.4733	15.1643
6.82873	3.79289	0.43364	0.325467	-0.781873	0.734767	26.2874	-3.53062	-11.2481
4.32779	9.91803	7.57472	-0.836484	-0.403336	1.26468	8.12256	-7.46284	-0.161254
4.96484	0.364748	3.19335	-0.0139958	2.64587	0.373114	9.05847	6.8421	-10.7276
1.01615	3.00103	2.82161	-0.166878	-1.1603	0.682738	2.11434	3.48142	6.13174
1.32506	1.84531	0.00667068	-1.79691	-1.87219	1.03651	1.28163	-3.57211	-2.77553
5.46367	9.89812	0.471827	1.24129	2.43569	-1.2926	-21.5473	-16.3572	-11.9652
1.09046	8.08528	1.68485	2.76731	-0.0944352	1.37726	0.73584	0.725657	-1.59288
1.40329	8.51455	3.88378	-0.294158	-0.391703	0.829985	-1.35011	0.441074	-1.66646
7.41615	2.0693	0.382806	-2.04271	0.393683	0.502586	1.91597	-0.962052	0.00551863
0.863258	1.41108	6.94528	0.212421	-1.05767	-0.743354	-0.0321519	-1.09827	-0.822062
5.51647	3.35688	9.07436	0.603315	-1.21452	-0.175205	0.527026	10.6199	30.4422
9.38902	8.18673	8.22834	0.663237	1.79761	-0.0311859	42.3251	-71.6223	39.6174
8.18404	9.67398	4.41964	0.609421	-0.0517248	0.561177	-1.07558	3.35726	-7.13564
6.50873	9.93837	6.07569	0.66777	2.25758	0.939505	0.0941446	-0.56915	0.56203
5.6548	4.70239	1.44351	2.2987	-1.31694	0.00786909	-6.66987	9.00469	-10.3932
7.48263	8.12014	3.00088	-2.30429	1.64197	0.0368471	0.238342	5.2979	-0.359388
3.41485	1.62344	4.45619	0.679503	-0.10208	1.41546	5.5033	-10.0581	2.7663
2.72922	1.04098	3.26202	-2.8312	0.368887	1.65444	3.15981	1.62693	0.620352
8.16193	8.97823	3.56556	-2.09661	-1.25465	0.936292	-3.10042	-1.72603	-1.73508
2.71186	8.68427	1.9153	0.36236	-0.952579	-0.163232	-18.1953	-11.9173	-0.904349
6.47553	5.11668	5.28039	-0.541164	0.464343	-0.741576	-0.260516	-0.0678691	-0.405617
6.29725	8.70559	4.97773	-0.426219	0.707339	0.60745	-0.0610231	2.08771	-0.431708
2.86599	9.87358	4.69167	-0.164647	0.100048	1.20802	3.31398	-24.5303	-6.57899
3.33436	6.36269	3.94125	2.32521	-0.996817	-1.25414	-0.573217	-0.70393	-1.74959
8.25886	8.73978	0.898251	-3.23328	-0.7113	-2.31336	-6.04157	2.95635	-1.61021
1.597	4.40131	2.50598	1.32143	-1.00725	-0.525013	-3.49671	-6.32672	0.60501
9.36292	4.65941	3.51443	-1.14244	-2.16956	-1.14068	33.7954	39.1769	91.6154
5.55442	4.03877	2.75427	1.7275	-0.17697	-1.34024	1.26001	8.12684	5.76641
4.63779	1.39394	4.98692	1.18232	-1.55775	0.202854	-7.76322	4.3732	8.46647
2.60362	0.684775	9.768	-0.942208	0.421196	-1.023	1.14868	-4.76662	-9.89904
1.80492	2.68455	9.58715	-1.47303	0.616774	0.706753	-6.49402	10.3962	-1.18124
6.44606	5.80242	0.11099	0.1763	0.00443866	0.745715	8.24582	11.3344	-4.02653
1.9775	4.37797	5.08292	-3.66762	-0.310683	-0.582382	4.00517	2.48525	1.07148
7.05319	2.10216	7.63683	0.485047	-2.51266	0.079511	-2.33714	1.97215	-3.91756
4.56271	5.54615	8.06442	-1.21831	-1.12963	-1.24192	-0.064774	-1.03845	2.41377
0.385245	8.60093	9.18368	-1.89436	0.176754	-0.798757	-1.58502	-0.695633	-2.39634
2.59775	7.7966	3.8861	-0.368333	0.553913	-0.602614	-15.8971	-13.3843	-5.68245
9.3697	2.81566	9.9667	0.445633	-2.22997	0.0467132	-12.9491	-26.9552	-26.9184
5.64731	3.18261	3.57992	-0.335615	0.858461	-1.27787	1.81968	6.33665	-4.9246
7.48167	7.65416	7.6481	2.71905	-0.702943	0.753328	-2.80272	2.54717	2.78639
3.9945	0.452793	2.8206	1.73095	-0.534504	1.29882	-9.42172	5.26299	-20.0747
6.50121	6.31201	5.58287	-0.818401	0.86436	0.495039	-0.0012253	1.09519	-7.26774
6.91409	9.01292	9.5323	-1.06106	-0.563423	-0.0995152	11.9401	-17.297	0.723175
8.72085	2.94897	4.74359	0.760525	-2.3317	-1.08163	36.7839	12.7013	2.24502
5.61543	9.2247	5.86958	-2.93653	2.21839	1.14734	-0.301697	2.30668	-0.478298
6.45349	6.06243	9.00249	-0.315198	-1.98627	0.861696	20.4297	-2.30349	-0.256859
4.96386	2.10527	2.77149	-1.19403	0.483901	0.937219	1.21025	4.132	6.20154
7.74089	2.6823	2.97574	1.40439	-0.599171	0.987866	-0.412586	2.4272	2.47513
6.44898	7.5848	5.31475	1.35322	-0.985928	-0.504764	-0.602062	-1.56999	-0.754508
0.722989	7.69688	3.32851	-0.290256	-1.16323	-1.42185	68.3336	9.35338	2.01349
9.55909	0.161116	8.57795	1.0134	1.14414	-1.97686	15.2343	-22.489	-16.4767
3.38622	1.9614	9.64006	0.64994	-0.0401683	-0.948812	1.61139	-1.18678	-30.1153
5.50535	1.77969	5.64439	0.747624	-1.34589	0.193033	-6.94504	11.9699	21.2124
2.01893	7.67316	2.79106	-0.826226	0.277916	1.54644	1.13848	-2.15502	2.339
3.25348	2.65766	4.29294	0.929383	-0.854605	0.60228	-10.535	4.36716	-4.22767
4.73121	5.4106	1.47772	-0.425495	0.548123	0.551359	1.43203	-1.05677	-0.904669
3.41518	4.08933	6.83539	-0.689519	0.858701	1.83622	14.2664	-5.05189	13.6913
8.59257	3.9264	5.29819	2.3082	-0.037427	-0.216635	10.3613	2.48123	-0.124542
2.59006	5.6424	1.97128	1.60768	0.487957	-0.714558	-2.22089	10.395	-21.7192
0.510468	0.44465	0.181435	-0.626493	0.634455	-0.102675	-8.90105	3.34281	-8.15957
3.21693	9.59695	1.95646	1.68805	-0.35726	1.22794	-12.0163	-12.0518	12.18
3.22135	6.5597	6.33397	1.95762	0.206941	-0.995903	0.346068	-2.17822	-1.89999
5.48561	8.96732	1.25836	1.45794	2.56114	0.875625	2.41721	1.84979	-1.92291
3.3465	5.8735	9.57517	-3.02221	-1.05041	-1.29098	12.4338	-13.4076	-12.7012
7.07828	6.14284	4.20296	0.482271	-1.67464	1.80018	3.94193	-4.6365	-3.77101
5.8985	3.68185	0.762293	-0.117909	-0.574272	0.87526	-25.0724	1.96088	10.9826
4.27563	3.73966	0.777529	-0.622275	1.26115	-0.974238	-3.07299	4.21287	3.37339
6.57063	2.8767	2.76746	-0.982709	0.990519	0.0139629	-1.67127	3.05258	-0.515229
9.91197	2.59246	7.75161	-0.985787	-0.0930621	0.547336	7.95334	-5.65379	7.02216
0.488515	1.57804	0.608607	-0.91809	-1.42968	0.0975884	-1.91236	-2.7784	1.85637
6.74533	6.74392	0.824392	-0.34941	1.71446	2.15583	9.35475	-24.0787	-0.255924
0.429456	3.79085	6.89467	1.79789	-0.0591905	0.782221	-6.49059	10.6102	-24.1388
7.4658	1.4559	5.19782	-2.12304	0.201377	-1.715	3.46288	3.00037	8.21864
7.77124	9.67957	6.4304	0.751736	1.88412	1.56632	-5.42962	1.44982	4.5358
5.9219	2.41198	0.52686	-3.24368	-0.19399	-1.47437	0.57178	3.31918	0.291822
2.52726	1.45621	7.10985	-0.662196	1.15744	-0.242769	-1.08397	-1.31747	-1.31095
3.21421	8.5998	5.61447	1.19925	1.49676	-0.327652	1.14028	5.02145	5.48679
6.7692	1.99349	3.401	-0.83288	-0.411433	-0.264757	18.5504	-13.1107	-13.8025
7.34805	4.71942	2.03684	0.601593	-0.599994	-1.75519	3.18029	-15.3459	-10.9621
8.61769	7.45614	9.08775	-1.43597	-1.02224	-0.30155	-1.91465	2.88415	-11.0128
6.9572	8.94609	5.90527	-1.04578	-0.146119	-1.2456	-1.19378	-0.228434	0.878329
4.09937	4.7349	0.19905	0.471674	0.211005	-1.26663	4.48464	-2.33838	16.0494
5.77096	1.34439	0.1324	0.962549	0.0900933	0.891067	-27.2009	-6.6229	16.5672
1.36767	8.59449	8.22721	0.151657	0.562193	-0.532106	72.061	72.4815	9.52382
4.84452	0.0543851	2.02915	0.46677	1.24769	0.131644	-1.48443	4.0296	1.58182
9.78136	7.7042	0.78749	1.7784	-0.503578	-0.861083	20.9231	12.8205	-15.9445
3.43822	0.41439	7.7501	1.05357	1.21614	-0.237483	-12.7935	8.24652	0.442364
1.85214	8.71282	0.999623	-0.162521	-0.118603	0.00195665	-10.9384	-6.37659	3.07691
6.7623	3.14069	9.31788	-0.109717	-1.36946	-0.0464303	-2.88616	0.640805	1.38614
6.84045	3.94157	3.11661	0.196611	-0.225002	-0.233505	-1.73007	0.0260549	-2.19124
9.15132	0.948194	3.52118	0.198497	-0.586762	1.95386	-2.17605	2.62847	-0.687021
8.39267	5.69265	8.43514	1.02808	0.299848	-0.929917	5.17094	2.11536	0.252958
4.78244	1.2478	2.19493	1.95926	1.10793	1.11008	-21.9984	-4.48545	16.1351
4.45893	2.50531	8.09282	0.208815	1.15271	-2.23262	-3.02161	2.67183	0.0490404
4.52153	4.79587	2.8669	0.141684	-1.26526	2.09719	-18.5805	-7.06911	13.0331
4.05539	0.81235	3.78918	-3.79667	-1.99711	-0.202443	-18.2723	-6.95606	5.62664
9.49824	7.12094	6.3955	-0.0382267	0.0658872	-1.19055	1.16203	4.12816	5.42865
3.22161	4.73113	8.04491	-1.52918	0.6523	-1.73533	5.44891	7.54973	-13.356
4.39736	6.2407	9.45325	0.549498	-3.22398	-1.54226	2.1619	1.85137	3.34416
8.52506	2.20856	5.43244	-0.205357	-1.01151	-1.53135	-8.19216	-8.33461	6.69141
1.5834	0.272949	6.70308	0.609412	-0.777428	-1.26457	6.68896	28.3385	4.57214
8.16288	0.410944	2.62692	0.495946	-1.8733	0.325308	-4.16118	-2.41824	6.36057
3.07448	5.67811	5.64389	2.11114	2.61998	0.479042	-1.44495	-2.16575	-0.450684
6.22127	6.95005	2.39724	0.735456	0.10283	0.0683435	0.679263	-5.21651	6.56092
4.48901	3.48468	2.80591	-1.36724	-0.123169	0.505658	-18.6496	43.3482	9.70422
0.243673	5.64915	7.1574	-0.615401	-0.417075	-1.8723	39.0889	-26.0538	27.9247
3.12462	1.18343	0.461188	0.974899	-1.21773	1.30318	12.6779	4.4161	19.1628
4.8148	4.33691	1.98083	2.23901	-1.01867	-2.04718	7.69024	-11.5152	-2.52286
3.67992	9.23628	0.145247	-2.67723	2.12648	-0.484262	-10.6349	-25.2472	-24.3268
5.05043	7.38698	5.05269	-1.53066	1.38838	0.959865	-1.78511	9.24109	-2.33778
9.4134	8.65533	9.84903	-2.21685	0.25032	1.41248	10.6165	-14.9123	-20.3638
8.35328	0.98824	4.84023	-1.14833	1.39048	-1.24238	5.29042	-2.72753	-0.558337
9.77101	7.53198	1.79214	-0.0701854	2.17786	-0.728256	2.18956	-6.12953	16.9431
2.23935	0.0508801	1.30481	-1.62235	-0.0231756	2.62923	5.14595	2.00426	6.40866
5.83635	0.168592	7.34749	0.150448	-0.0624613	-0.531075	0.811336	-6.0588	-2.35299
3.21421	7.10763	7.97377	-0.0570041	1.35806	0.94737	-12.0611	-0.800367	10.3132
4.58701	4.00839	9.53104	-0.844154	2.44822	0.936032	-8.43122	9.43826	-12.2489
3.41381	1.15061	6.53774	0.781625	0.550236	-0.948465	2.09509	-2.31159	-3.96809
6.52254	8.0672	6.92153	-0.671657	-2.00169	-1.14818	3.95852	3.2097	0.958995
9.07803	7.41166	0.00994301	0.644995	-3.01465	-0.147715	1.10067	2.18613	10.41
0.351527	1.38296	9.23106	-2.26482	0.983312	-0.841167	-45.5349	-13.2973	23.9926
1.73081	0.240619	9.47166	0.984759	-0.729457	0.956058	-30.7361	14.0515	-9.67076
7.62999	6.04234	9.21177	-0.9994	-0.829864	2.90804	-1.9522	-0.721837	1.12739
8.22797	9.69775	8.95946	2.12971	-1.6705	-0.646191	0.976127	0.455731	-2.31878
1.59973	2.22914	4.91056	-0.802433	1.07807	1.901	-0.130424	-2.36536	-2.18735
5.83612	2.15022	3.75982	0.715086	-0.27175	0.174306	-3.43674	-5.084	-31.3647
4.39248	9.7219	0.668733	0.920043	-1.5169	0.594551	23.1463	8.60482	12.3845
9.1869	4.59524	2.6226	1.27811	-1.9994	0.603674	-18.6417	2.46378	-77.0348
5.56032	8.74961	3.50099	-0.435687	1.24126	-0.493105	5.83028	3.93154	3.40635
2.53168	5.09363	0.274178	-0.429095	-0.604914	1.61687	-19.6137	5.53348	13.5192
7.96679	8.65026	6.19878	1.66702	-0.691329	1.54714	4.22049	-10.327	2.56166
9.04953	3.8739	3.99721	0.534606	0.436132	0.838613	-15.4594	-35.9621	20.5171
4.53243	4.44591	6.39867	0.385428	0.504401	-0.368882	-4.86089	13.6546	15.093
8.09312	2.2222	7.88355	-1.00374	0.0194129	1.16102	6.67041	1.35393	0.669292
8.38802	7.34138	6.47975	-0.96967	0.894091	-1.34365	-2.08221	-8.04718	-1.71799
4.11972	5.99214	0.537697	1.24335	1.76285	-1.29608	-42.4304	-4.10446	1.49282
0.16857	7.40822	9.8519	0.394597	0.232097	0.872098	-5.9794	30.3546	-35.5722
8.97545	2.72226	7.33044	1.08333	0.83841	-1.96561	-2.14717	-14.9199	-18.9312
1.8943	5.58399	5.46233	-2.98204	1.55489	1.6929	-3.7805	-14.9519	-1.05036
8.19401	9.4055	5.43569	2.68137	-0.610501	0.166289	-8.83876	13.4956	13.3241
5.62705	1.76057	1.371	2.09854	0.12259	-3.54729	-5.84799	-4.2355	-1.47261
2.34102	2.27554	2.64856	1.44841	-0.876464	-1.20888	0.20685	1.32552	-1.23723
5.77374	5.06677	0.361218	-0.0498437	-0.47418	2.81793	-3.58996	2.53351	26.6747
2.78832	0.67988	8.66985	-0.07243	0.272183	-0.514325	-0.234512	2.50407	-1.68443
5.70052	5.61277	6.71898	1.44296	-2.87826	-0.199255	-7.96689	-33.1836	6.35946
0.549921	3.43975	7.80835	-0.65257	-0.884238	-0.155537	0.411976	-20.367	17.0687
7.3646	4.72536	4.44011	0.533138	0.883734	-3.29393	0.98871	0.69338	0.837923
1.28545	4.33579	7.26401	-1.98514	-0.593824	-0.122669	-13.1798	12.2259	-1.74858
2.19834	3.58262	1.72093	-0.314626	0.415273	0.140896	15.4698	-7.34528	11.723
3.11487	8.46498	4.55069	-0.381804	-1.40612	-1.33675	0.723948	4.88068	1.44831
9.5778	3.83545	6.23421	-1.14825	-1.18831	-1.93095	-3.0524	-9.82294	-8.30808
9.21533	6.91072	1.01686	2.16297	-0.319902	-2.32638	1.99211	-2.48493	8.42592
7.02304	0.313389	1.34147	0.0291387	-1.66577	-0.197099	18.0918	50.7445	-24.6416
8.54497	3.48759	7.80661	2.10784	-0.764108	-0.0553153	-10.82	11.9413	8.39678
4.96986	2.69075	6.36174	0.42813	0.331835	0.363068	2.67097	-1.38047	-3.69323
2.92564	9.62044	8.34247	-1.65928	-1.55844	1.49132	2.45107	0.354362	2.69984
1.49415	3.64697	9.08546	-0.877332	0.695161	0.849493	3.9181	-10.0023	-12.0298
2.77335	9.17937	1.00295	-3.08219	-0.151113	0.359167	-9.37222	10.8588	-18.4895
8.1836	4.98595	7.00429	1.76519	0.787506	0.236195	3.1864	-0.260454	0.2357
7.64245	7.21266	3.6775	-0.581585	0.268117	-0.611368	-8.05982	4.65783	1.73388
0.255754	9.63286	5.34162	-1.20294	0.929231	-1.48851	-9.31338	-12.4766	-10.7256
1.6116	2.98932	7.27094	-2.48623	1.29469	-0.419034	-7.47861	-9.33228	-2.64197
8.31549	7.71312	4.68186	-1.26794	0.456478	0.518856	5.09442	-19.7945	-2.29891
7.14999	2.50074	5.14326	-0.882869	2.86556	1.29665	-2.64979	0.960337	2.73521
8.82951	1.56905	0.0957012	0.41146	1.22406	-1.96903	-21.1081	-9.6805	-30.9644
3.08024	1.77465	7.99484	0.932517	0.48377	0.882929	-0.169138	-1.97499	10.159
6.94336	5.16065	3.49722	2.3905	-0.368889	0.309172	1.16985	-1.56147	8.00126
9.72402	3.417	3.19652	-0.796884	-0.527726	-2.2039	-2.85622	1.33946	-0.213967
6.75717	1.46181	1.13978	0.495821	-0.70401	1.11416	-3.67827	-0.505783	1.74698
0.452924	1.56746	5.66801	-1.81192	2.89877	1.19903	-0.604098	-1.87587	0.235971
9.41449	2.79184	5.85107	-0.592329	-0.172297	-0.296774	-2.68763	-0.579924	-3.11376
6.64176	8.15846	8.86699	-0.844408	-1.95476	-0.130306	1.94395	2.05498	-0.174564
0.288204	0.0405324	6.25402	-0.134748	-1.19972	0.48537	3.25559	7.63614	20.8875
7.60984	5.24332	1.06428	0.451094	1.2606	-0.709975	0.664191	-19.3743	-9.26284
5.85146	8.81886	7.49282	1.67927	-0.948182	1.49161	-2.57315	-1.76761	2.92371
4.66374	7.96128	7.7824	1.39089	-1.07429	-1.59098	5.70212	-6.30813	-5.31468
0.230828	6.62533	2.52542	-0.104931	-0.560698	0.95071	12.6375	14.2919	-19.5053
5.49039	6.91457	1.12901	-2.21668	1.26067	1.34078	-1.09984	-1.05393	2.02897
8.39206	5.25236	4.96953	0.622222	1.59315	-0.874015	1.10197	-4.41093	-1.20061
7.84434	6.19053	5.01872	1.88134	-1.01238	-0.92655	-1.13368	2.86855	-1.33149
2.32185	1.99584	8.94391	0.460336	0.891706	-0.184924	3.66985	-0.983465	-1.99519
0.35637	8.71404	4.2894	2.99003	-1.65735	-0.800044	-0.337846	-2.37346	-2.79636
9.34479	0.182462	5.57954	-0.840493	-1.91845	3.22643	-4.09239	0.180014	1.20774
5.30149	7.10729	7.2723	0.931289	0.228913	-1.10595	0.0288821	-0.438549	0.8451
9.83259	6.12006	6.4309	1.67542	0.799931	1.48491	-21.7201	11.7258	-46.5378
3.33207	8.36182	3.50145	-1.18849	1.99108	-0.0977157	22.4212	4.80942	-13.9735
4.00686	4.80376	4.09957	0.178026	1.21806	-1.11777	5.59617	-2.31879	-4.63601
2.09548	6.19175	7.78978	0.41717	-0.0600953	-1.05323	-5.35453	0.453911	4.73314
5.42645	5.22325	2.67882	-0.0669452	-2.27242	0.54686	16.7291	3.45246	-6.10297
6.32735	8.45248	0.296538	0.876365	0.20722	-0.456928	-2.03872	0.885234	-19.0865
7.78689	8.83778	7.32453	-0.906459	2.344	2.44273	-18.0714	23.4843	2.75928
5.70791	1.02033	5.00969	1.18872	2.89148	-0.22782	10.2643	-1.7348	-14.6682
5.27726	3.09087	2.39399	-1.65434	0.316055	-1.50203	33.4814	-21.8067	-17.4329
3.23898	4.81275	9.62498	-0.114526	1.38685	0.660965	10.7757	13.0057	-32.6513
4.94637	7.66658	0.0305951	-1.78168	-0.26867	0.769354	19.3548	-6.86335	1.83672
5.76168	8.75918	9.27956	-0.0610916	-1.32981	-0.311116	9.4315	7.67325	7.11591
1.68497	2.12687	3.55165	1.69913	-0.271409	-0.134045	-0.912805	0.476988	1.4735
1.08841	6.69754	5.84052	-1.60946	-0.930617	1.5785	1.54243	-0.776484	0.28969
3.3232	5.9399	2.6177	0.558379	-1.11628	0.672268	10.2258	2.14673	11.714
7.59353	7.61662	8.80718	1.66739	-0.183654	0.396046	-4.89592	-3.11907	0.912488
8.21667	5.66204	3.94293	1.63854	-0.627185	1.93482	-4.96449	-6.17852	3.29032
1.13083	5.55347	7.79864	1.33507	-0.975228	0.942945	12.2766	-1.21857	-22.5917
0.798279	6.49932	1.55047	-0.999559	-0.100331	-1.17829	-2.95318	-0.448468	0.860573
5.29745	0.0821323	5.14691	0.609914	-0.390691	-1.35031	-0.942464	-13.4295	2.60207
4.91779	0.717471	7.07485	-0.598488	-0.736044	0.667788	-0.0958075	3.88516	9.05816
7.07103	4.19762	7.12986	1.29425	-1.03626	-0.405898	-1.94786	3.00244	-0.463273
4.44243	2.37032	9.61614	1.33468	-0.709379	-1.14057	0.361654	-1.18308	1.39002
0.305092	4.7621	0.826915	0.907989	-0.27975	-0.531983	62.0961	30.76	60.2426
8.67083	3.35666	2.70336	1.37061	-0.0268786	-0.86579	0.361192	10.5463	11.4949
4.01006	2.64426	3.03395	-0.556017	-0.100268	0.38132	-11.8757	-20.9843	8.69371
8.61222	0.030073	1.17322	-1.11873	1.16764	-0.200389	-0.487254	-6.34115	-3.09609
2.34868	7.78383	0.505329	-1.51972	0.850992	1.16905	-1.9961	0.0106459	0.226169
6.21393	2.00575	9.50085	-1.30123	0.374164	0.940966	7.32445	12.7515	-9.77429
8.24505	0.881121	1.69581	0.645501	0.560163	-0.219374	-6.50769	8.43692	-6.23963
9.67781	4.43588	0.236682	-0.482358	0.129545	-1.24457	-47.536	-48.0547	-81.8565
7.7733	8.5817	4.58773	-0.574423	0.450601	0.263965	-21.3006	14.7094	-6.92376
3.73539	9.01899	1.19169	0.282449	0.387436	-1.17104	24.1736	-7.17201	10.6983
3.34804	7.66994	0.940051	-0.685376	1.31661	1.4028	-0.0285045	2.5125	1.19139
7.54834	6.06517	2.79902	-1.20545	-0.568801	1.01536	21.3653	18.6691	9.92162
2.80154	4.34338	3.71857	-0.708626	0.937026	-1.17694	-0.667092	0.429748	-5.65872
3.92299	8.67371	8.01674	0.0351092	3.46176	1.37333	-5.6123	8.62008	2.00716
2.6073	8.65497	7.97898	-0.156653	-1.11963	0.355755	-2.74836	-3.64666	-4.64785
7.81008	3.73815	3.677	0.898172	-0.0452798	-0.183774	0.784045	0.871104	-2.47286
4.90846	5.34833	5.98057	0.674177	1.02838	-0.656735	0.336318	6.13719	-4.6272
7.37049	7.45407	6.02915	3.87336	0.4671	-1.50065	-1.12874	1.6227	1.32599
6.51644	4.09642	8.32819	-2.40535	-0.467075	-0.860307	1.48408	-1.33654	0.673477
7.39138	0.219125	0.294525	-1.58372	0.329405	0.0893979	-3.02453	0.0941213	-1.04023
2.06768	3.81942	7.65366	1.48214	1.15638	-0.195658	20.4646	9.63918	13.504
2.31277	3.11739	8.42316	0.536822	0.84256	0.892188	-1.05198	-8.36379	1.44362
8.42555	1.02183	8.24544	1.86514	1.44247	-1.08398	-8.10648	2.12269	-7.20552
1.3583	0.291156	0.759647	0.0272395	-0.992751	-0.257531	5.28697	0.421233	2.72062
6.67522	2.75612	4.09868	0.519633	0.339255	1.16471	0.129656	-4.35373	5.30982
3.58483	8.57146	2.44606	-1.62266	0.255992	-1.03727	13.5261	0.105551	3.47413
4.26692	7.99686	6.2923	-0.53611	-1.46233	0.703218	6.30905	4.5998	2.52448
8.35353	2.73504	0.14604	-0.817327	0.701018	-0.527319	-12.7141	-5.82041	2.7098
5.29853	6.38334	4.92333	0.710115	1.92955	0.0468288	19.6547	-11.3684	-4.48757
4.34631	6.47328	5.29267	1.01733	0.672029	-0.193156	-13.9799	1.34783	6.54314
9.35031	6.45688	5.16891	2.92257	-1.76378	1.23804	-0.48715	-0.186155	-0.630565
6.86953	8.82879	8.03651	0.252271	-0.152354	0.419959	2.51735	-2.16461	-0.579813
9.86594	2.65896	1.39331	0.495878	1.73041	1.27273	1.84935	0.1258	3.0452
1.54196	5.73124	1.97619	0.577244	0.222545	1.15918	-7.90303	0.596135	-2.27145
3.52093	9.31323	6.45603	-0.821435	0.322357	0.180657	0.826857	1.17794	-2.13687
2.66145	5.51825	8.49825	0.915504	0.302934	0.0515866	-4.11155	4.43697	4.14474
0.601084	5.02861	5.46198	-1.56589	2.75696	-0.0079608	1.69555	1.41796	2.26446
8.78744	9.90694	3.35979	-0.547894	0.209877	2.46346	-4.84811	4.1948	6.15803
8.59012	4.21584	8.93131	-0.711151	-1.76374	0.178747	43.6968	13.7744	-1.57976
7.91479	1.10135	9.48145	1.26081	-0.161615	1.07085	1.04821	-1.10656	0.0180528
1.11835	2.9312	0.802087	-1.92735	-0.628098	0.879258	-1.23934	0.208648	-3.26249
4.30584	7.14948	0.787128	-1.83298	1.56022	-0.815051	4.25641	-3.01383	-0.509399
4.44808	8.31457	1.68359	-0.84983	-1.67154	1.53922	-10.7913	10.636	-7.79226
3.66712	3.5456	3.86395	1.15856	0.760209	1.08667	2.55984	7.44943	-5.4611
0.275252	4.94671	9.48774	-1.20597	-0.164272	0.773858	-0.191807	-9.33691	8.60696
7.83128	3.81745	8.50466	0.152152	-0.571836	-1.92293	-49.6205	-18.8141	-18.9945
9.03319	0.831147	9.07063	-1.45627	0.56805	-1.16747	-14.0465	22.8459	26.7607
0.195389	9.28845	0.261948	-1.33098	-0.156947	-1.70573	0.792608	0.992055	-0.3119
5.49432	5.89157	9.32505	2.32235	-0.0581413	-1.78089	-13.3964	-3.48389	10.0346
8.53628	4.52562	9.87881	-1.70722	0.729238	0.0963926	0.328252	-8.61188	26.5494
9.94951	5.94341	9.24286	0.219761	0.128184	0.277421	-4.88785	8.11534	2.6414
8.36186	8.42075	9.83027	-0.487753	-2.19091	-2.42315	42.0091	31.8744	-14.6672
0.0365994	1.49423	8.16493	-1.64648	0.738057	-0.816039	0.447571	1.96168	1.09453
0.191022	8.97426	7.91112	1.11833	0.962087	-0.106083	1.07852	-2.88885	2.95679
4.83832	0.103913	6.2286	0.527159	1.41026	-1.40487	-1.05734	-9.94165	-9.22514
3.88418	1.36798	8.77602	0.0548046	-0.930461	-1.42321	-2.62338	1.15332	1.61568
0.97179	9.5574	4.61807	2.18464	-0.421202	1.22232	15.7564	1.86908	-12.2699
1.95074	7.71698	7.40304	1.21767	-0.894212	0.376684	-2.68501	2.88658	2.2915
9.84993	6.6719	7.32116	-0.448376	-0.11984	0.23665	-0.971467	3.04263	11.6205
3.80142	4.89937	5.20541	-0.376503	1.67655	1.01947	20.6875	20.5552	21.139
8.45092	6.7949	7.95996	1.83285	-0.660817	-0.0240033	-1.82335	2.00551	-0.225
4.12716	2.4424	4.81718	-2.60294	-1.7469	1.01663	13.2468	0.971116	-4.04385
9.41483	8.8748	6.02513	-0.972537	-1.6695	0.921883	-20.2949	49.8543	13.184
0.572091	9.69927	8.74179	-0.686697	-0.427867	0.24828	1.12208	-3.05646	0.571699
1.9076	0.0263981	8.09955	0.389007	0.950673	-0.648778	1.5445	-0.866835	-0.428701
4.11725	3.8362	8.31849	-0.461926	0.0905076	0.179121	3.26836	5.03274	8.02047
8.32049	4.3116	2.07207	-0.232062	2.19723	-1.15298	-83.8431	5.73878	29.7065
1.59198	6.17705	0.821464	1.03702	-0.842517	-0.615145	2.19863	5.65211	2.19004
8.38875	8.05704	7.24192	1.304	0.970267	0.454282	22.4844	-13.686	4.90294
7.43093	3.18474	7.26746	0.691172	1.63806	-0.283072	4.15203	-5.48666	2.10359
3.40205	0.0680782	0.663386	1.2157	-1.87543	-0.306193	-18.2884	14.737	4.18783
2.19171	3.53074	0.301996	-1.96583	-0.899248	0.58503	-14.4689	-6.74025	4.36786
8.45982	6.58959	3.50769	0.355408	-0.194411	-0.391953	8.20503	1.28873	2.57879
6.235	6.12245	1.7455	1.48908	0.812146	-1.40511	-0.588365	-5.47335	-7.30161
3.02286	9.35832	3.64932	0.602755	-0.576291	1.12362	-1.55289	6.78635	1.88496
2.79561	3.02606	9.39513	-1.08738	-0.693769	-0.304272	0.28271	-12.8501	-5.69552
0.748495	7.2539	4.40992	-2.03073	-0.0973024	-1.39171	-0.307455	-0.0273083	-3.76988
4.32794	0.255684	4.74917	-0.105602	-0.392788	-0.266325	-11.2909	-3.68873	3.85826
3.3149	7.60702	6.06608	0.983349	0.0311372	1.43225	-7.11462	-2.29484	-0.949711
7.09541	9.21925	2.37497	1.20442	-0.337129	-0.56375	-9.68485	-0.74589	29.9466
9.64187	5.9981	1.92303	-0.417245	-0.424261	-0.150773	-0.62234	1.18592	-21.4031
4.9899	8.68952	8.55878	0.556218	0.70751	-0.00839587	-4.62175	-0.324414	-4.67179
6.83217	0.286463	2.6978	-0.23086	0.0125402	-2.77931	1.03526	38.0549	-41.2873
6.06863	4.09897	4.73492	-0.153039	-0.857165	-0.490642	-47.9955	27.758	26.0284
7.66823	6.68484	7.11102	0.962638	1.1386	0.0418265	1.21607	-0.181293	-1.81346
0.422826	1.01021	4.63445	-1.51149	-0.458004	1.48711	1.89829	0.447359	1.75124
3.04138	6.08918	7.29282	0.428421	1.54617	-0.355339	4.25531	-2.79888	2.75842
6.59916	6.05225	7.53801	-0.377689	-0.641885	-2.12862	-0.674815	0.689308	-2.29496
6.67965	8.98189	3.7099	1.28453	1.11246	-0.275399	7.01986	-9.60519	-11.5953
4.51088	8.57147	3.4372	1.25786	-2.06089	0.405075	-4.98864	-10.7002	3.46867
0.940441	2.27354	2.04291	-0.272873	-1.89229	-0.638387	5.77382	-1.1302	-10.2734
1.74945	9.26301	2.22004	0.0471805	-1.14768	1.12472	6.19729	-1.78377	-2.26865
1.01525	7.88833	0.442552	0.669199	0.168318	0.655566	-1.30393	-0.488861	3.17603
7.62773	7.84529	0.0247542	1.08722	0.853145	1.66348	-43.9874	-34.2435	10.1725
1.16338	3.99516	9.99864	1.41278	-0.767495	1.77834	-3.55322	4.17541	14.5474
6.06842	0.585137	0.859629	-1.20299	-0.643987	0.161158	16.6659	22.8901	5.37778
6.32965	9.72741	4.31516	-2.44928	0.556033	1.14091	-9.08525	10.9431	8.60687
7.39682	0.365514	5.16966	1.3927	0.430932	1.12257	3.66161	-5.58553	1.45559
6.24023	6.78063	4.47705	-1.0466	0.0140028	-0.725157	3.71404	-5.38698	7.59419
3.62086	3.41844	1.6414	-1.77284	-2.04332	-0.810361	10.0274	13.8883	10.8405
5.44158	2.09318	4.64702	-2.01331	0.251474	0.678257	-16.5663	-1.87946	25.2639
8.95542	7.42123	5.56672	-0.361486	0.29453	-1.2923	-16.0055	-1.88817	-15.534
7.92383	6.432	0.21165	-0.538951	0.17584	0.976078	-3.75063	1.64181	0.614697
9.74557	0.742796	2.33422	1.68793	0.176064	0.283853	7.31962	-5.03968	17.1358
8.51429	9.87796	7.465	-0.604404	2.54608	-1.95608	-3.48566	0.285212	-0.55216
1.36436	6.71402	2.77027	2.04931	0.867319	0.0534981	-4.48195	0.360971	-1.86656
9.76527	8.0354	5.73379	0.879832	-0.0797115	1.33188	30.7224	-39.0451	-14.2295
2.80142	6.80162	9.02991	0.939692	-1.19077	-0.742229	5.5869	0.180554	-5.4754
