8.77481	5.77809	3.18315	0.722009	1.7523	1.10793	-2.64567	9.58858	-9.8766
4.93175	5.4825	2.56409	0.467727	-0.312755	-0.873975	2.85699	0.640541	0.5838
5.17667	1.08916	3.32202	-0.994708	-1.08316	-0.639665	23.7657	-16.4355	-5.21273
2.03351	5.01832	7.78509	-2.25912	0.0678741	-1.63678	24.4185	-7.29625	11.9731
8.27155	5.60061	6.68082	-1.65512	0.9891	-0.905371	-0.35745	5.39459	4.69652
2.13675	3.04317	1.66735	0.0740423	-1.7506	1.8807	3.59129	-0.0567262	5.59061
8.17065	8.1093	1.64525	0.860167	-0.974762	1.29003	4.72495	1.26554	1.55142
7.36759	7.95249	0.85765	-2.21109	0.656514	1.85469	-0.0893563	-1.33782	-1.10583
9.62714	5.25863	4.202	1.85077	1.01655	0.992126	-3.24209	-0.95735	-4.32204
8.90322	6.40776	5.43743	2.1455	-2.25698	-0.622563	-3.83272	-9.29114	-7.46591
2.85396	9.2753	3.19014	-0.602675	0.534997	-0.873717	7.4011	-13.2311	10.4989
1.22553	3.04142	8.50576	-0.867361	-0.203941	0.562829	-13.4694	-3.42933	24.4019
4.72465	2.324	9.4929	-0.37861	-0.949574	-1.66986	-15.6473	9.36501	12.0992
8.67759	2.62202	3.88118	0.90224	1.52042	0.451734	15.9817	1.22325	-1.0645
3.87409	5.18643	9.23713	-0.923998	0.807411	0.919975	1.70783	-32.4701	-6.94186
1.06042	3.00419	1.68543	0.232613	-0.124704	-0.693062	-7.13489	-0.581771	9.01722
1.66706	9.11283	5.84347	-1.10774	-0.467724	-0.584257	0.759919	-26.3698	-20.2012
1.4229	8.20497	9.26289	-1.20858	-0.265862	-1.20197	5.93336	-1.60201	1.72317
5.38215	5.66444	9.72739	0.16343	-0.888024	-0.454408	5.40981	-1.25145	-7.41199
0.729151	0.43591	5.34168	2.09034	-1.27788	-0.808594	4.67242	-1.8957	-0.259347
8.21038	7.85513	7.38248	-0.703369	-0.927642	1.2185	-0.792175	-0.585962	-0.51552
7.00989	4.32281	4.92703	0.558672	1.46311	0.276797	1.10201	1.49009	0.612592
7.5164	5.01672	2.51968	0.198022	-0.403354	3.33992	0.184192	0.475057	-1.19463
4.21264	3.3174	8.32867	-0.772168	0.911224	1.97627	-13.6665	-10.434	-16.2333
2.98091	3.04801	8.04721	-0.914516	0.0697859	0.948611	20.4503	2.31967	-14.8504
6.91272	6.7129	9.74236	0.398176	-0.603228	-0.44193	3.02809	28.7635	9.40355
0.510052	5.54396	2.06529	0.881445	1.541	-0.471121	-0.909505	-3.07161	-14.6584
3.70078	2.38922	4.16617	2.34465	-0.104175	0.635752	15.5905	-41.2518	32.7059
8.71314	8.50962	5.5925	-0.863428	-1.60951	0.730694	-11.2697	-5.09541	4.5763
2.4399	7.02403	3.54132	-0.834976	0.969485	0.388181	-1.37876	-1.41032	-3.99342
1.53687	8.23603	6.6794	-3.30035	-0.986627	0.555885	-0.978675	0.505489	-2.45146
8.94253	3.31577	6.22234	0.959805	-0.168576	-0.510789	10.221	-16.4736	-49.986
3.30657	9.73563	4.55469	-0.140836	1.39237	0.0461973	13.6697	-18.1629	7.71697
1.14407	9.19714	1.91998	0.66329	-1.1251	0.299349	-1.86091	0.812062	-0.563006
1.10712	6.14649	2.74576	0.160548	1.13801	-1.74488	2.44666	9.45805	3.70939
6.16327	3.25339	0.055358	-0.814432	0.264753	2.83186	0.829647	1.58044	3.63275
7.66569	2.47191	3.84197	0.463886	-1.36805	1.37503	-16.3726	-1.34185	-2.93961
8.46355	7.51233	3.22815	-0.754473	1.4637	0.276727	3.35117	-2.22312	-5.03576
5.30116	8.40738	3.5902	-1.35523	-0.107277	0.0193691	-0.783797	1.4417	0.383764
4.71301	4.15324	3.94346	-0.359769	0.234487	-0.716621	3.32819	-12.2283	1.94456
1.099	9.07187	4.03782	-0.195712	-1.4515	-1.18872	2.95542	8.76501	2.7752
4.50378	0.510127	4.65006	1.6934	-1.0103	-1.15082	8.40386	-3.98215	2.96818
5.58179	2.306	7.17394	1.70859	-1.30704	-0.682361	3.08355	-1.43849	-21.3097
2.16845	4.10713	2.68792	-1.5598	-0.130293	-0.910665	-2.34252	1.48918	0.507081
7.20786	6.91848	8.57134	-1.72804	-0.289445	0.611873	-1.82217	1.74113	2.46734
1.82142	5.88364	9.87556	0.063625	-0.210132	1.09119	-4.439	-9.02701	2.15702
5.31695	1.21818	0.877354	-1.71332	-0.496267	2.25829	4.72191	3.86107	-15.9481
3.16194	2.17666	8.78693	-1.22904	0.238319	-1.01435	-1.89043	1.12798	-2.28831
9.6484	2.68661	7.73178	-2.25916	0.868267	-1.1184	-11.2345	11.735	-0.391501
0.0415467	0.612807	7.40492	2.71731	-0.857544	-1.34321	0.07991	8.34043	1.3003
2.20593	2.96626	8.68128	-0.0985906	2.17325	-0.812406	16.4706	-71.3259	5.98582
1.24742	8.02639	1.7315	0.273512	-3.1274	-1.7479	3.96988	28.2967	3.41564
0.541194	8.71805	5.34659	1.99873	0.423762	0.456988	14.3003	-15.684	2.10859
8.51669	7.01573	1.78698	-1.00657	-1.56952	0.782017	2.1575	2.38304	15.3087
9.98483	9.62596	8.97024	-0.0283664	0.162692	0.0163262	-3.5578	-10.4139	2.75395
7.89545	6.44847	4.93201	-0.914371	0.604276	1.17035	6.92919	7.19692	0.262338
5.97605	7.16695	1.25505	1.82358	-0.463103	0.439027	-28.3676	-62.5317	69.8774
9.49466	3.35508	1.78284	-1.39347	1.93312	-0.479344	-5.08828	9.59159	-4.79471
7.33727	5.59896	4.71524	0.00910708	0.978678	-0.482655	-9.24033	-8.91667	0.813779
7.48002	6.95202	7.41631	-1.99964	-0.0087686	-0.494174	6.33478	-6.94485	9.38791
5.96424	0.756794	4.80672	0.451908	0.969902	-1.13403	-0.675439	2.65111	0.25233
2.30179	4.47871	5.39963	0.107249	-0.0654298	-0.704967	-0.653648	-3.30407	-2.2661
2.75811	4.12608	0.963358	-1.47571	-1.96213	0.605272	-8.35223	-0.086871	7.39422
5.52367	8.55645	0.746746	-0.685861	0.168723	1.40435	-2.42371	0.218786	-5.53723
2.1932	7.20939	6.60129	0.797457	0.0528592	1.31931	2.35373	2.29385	-0.485589
3.37471	0.610621	1.82347	2.61075	-0.0685752	-0.371572	-1.18043	-0.202131	-1.61568
3.60807	1.04996	4.68792	-0.421155	0.521542	-1.06512	31.6409	28.4748	-15.6571
6.69031	8.68739	9.79487	-2.59073	0.490733	1.08955	21.4204	-3.5768	17.5241
7.52128	0.745439	0.831029	0.415866	0.497864	-1.97166	3.4667	0.36029	-3.07724
6.79759	5.54381	5.83941	-2.56936	-0.600175	-1.99294	2.65216	0.704238	-1.9092
5.33453	1.97201	2.74933	0.871408	-0.353369	-1.2683	-1.32232	0.662965	-2.64516
0.142476	0.543407	8.5087	1.39047	0.483645	-1.89759	-0.884502	8.37546	-4.68313
0.733793	3.27663	6.03489	0.744789	0.220501	2.96151	-0.145246	-2.78359	1.20304
8.83338	9.47704	1.40621	2.03668	-0.259509	-1.83681	-0.703969	4.68134	10.4819
9.63701	8.11862	8.37101	1.05934	0.286937	1.18732	14.3911	8.03359	-10.8828
4.37869	9.53168	5.54898	-1.05835	0.368103	1.54872	20.662	27.5574	-17.9694
2.30479	0.519554	8.4104	1.46725	-0.415541	-0.537348	-15.0268	7.62286	-6.4367
8.98917	9.5414	5.85526	0.363033	-1.94055	-1.82842	17.8104	16.6528	-9.36066
7.7385	6.40164	2.12575	0.525596	-0.652369	-0.676509	-16.1964	-8.80883	-26.1942
8.58007	6.75322	6.94152	-1.19678	1.97202	-2.5262	-4.42089	1.11929	-2.12523
4.74603	2.58535	1.89259	-1.08644	-0.142636	0.391475	-5.29468	-9.2085	3.04402
4.34049	7.15313	9.13409	-0.347624	0.317595	0.519794	-5.2113	-2.14274	5.14018
8.24394	9.08286	6.3435	-0.428195	0.125501	-0.126333	-20.0434	-7.82378	17.6199
4.4914	9.4675	0.446137	-0.310043	-0.419517	0.354228	-2.43302	0.107848	-0.307275
9.29101	8.19607	7.09999	-0.608487	1.57783	-0.206011	-1.34278	-1.74885	-3.30714
0.72595	6.41375	5.46643	0.494274	-0.154697	-0.58429	-7.82565	-9.14241	-9.6542
4.79678	7.4181	6.322	1.35854	-0.544295	-0.808657	-18.7303	-28.8051	-0.226924
0.578856	1.48315	5.1154	1.38728	0.0820552	0.0693351	-5.07774	3.38348	27.979
4.0817	1.3021	9.57205	-1.93714	2.38123	-0.499539	1.38001	3.28477	0.310972
2.9688	7.95276	3.72351	-0.136963	-1.53585	0.237996	-4.57735	2.57131	-1.6765
7.76357	4.94405	9.57899	-0.913577	-1.49578	-0.671082	2.02968	3.37708	2.38413
1.29634	1.50687	9.91332	0.526691	-1.22715	-0.0922544	2.01201	0.528263	2.38104
0.403756	6.7369	0.587332	0.374646	0.276878	1.9914	0.658498	-3.06679	3.09043
3.78704	2.84349	2.47614	-1.78576	-0.570938	0.720648	37.0846	-22.9063	53.3657
7.3845	2.76728	0.932618	-0.157368	-0.341341	-0.590199	-0.873502	4.61661	3.87806
4.8755	6.1135	6.30175	0.337039	-0.100663	-2.16572	-30.5676	14.6239	7.46443
1.93315	6.59092	4.4203	0.141836	0.528974	-0.196573	-1.98682	-0.790551	-1.79489
8.13315	4.74249	0.742893	0.209849	0.923823	-1.68973	5.96458	0.911465	1.65126
4.02191	2.57729	0.317208	0.278384	-0.391178	0.940758	-1.97031	0.0134737	3.20576
7.71442	3.79158	4.20641	2.23934	-0.146149	-0.778008	6.94795	-0.447009	2.68599
9.34679	6.9473	0.397135	-2.35602	0.970069	1.64564	-2.49662	26.5193	-5.76167
3.43446	9.44985	9.81727	-0.431136	1.07803	-1.20735	3.24023	2.52293	-0.423085
1.89628	1.72232	8.88041	-1.64519	-0.663528	-0.743703	0.447062	2.31311	0.0721767
6.76664	9.32884	6.64195	0.805542	2.18789	0.0227323	-15.9797	-48.8292	14.4639
9.41667	7.89949	1.56919	-1.96845	-0.768915	1.18341	-14.5083	-19.4382	22.8883
2.2292	9.66629	4.93205	-0.288478	-2.06926	0.786231	-8.9042	12.4045	19.4942
1.28629	1.79996	2.05266	-0.545582	0.298288	1.58725	-3.21542	-3.28579	-10.6939
1.88724	0.10277	5.8709	1.35324	1.29967	-1.67093	8.10333	17.1727	-1.58238
7.52605	4.03568	1.74191	0.83269	-0.0434226	1.26847	-10.2635	8.59639	-0.0845274
3.85259	5.20432	6.82394	-0.09634	-0.937906	-1.12577	-24.5489	2.98876	10.0673
5.13906	2.85096	3.34059	0.270217	0.328391	-0.950114	5.89309	4.76643	-10.005
3.99251	6.79355	5.07493	-2.40858	-0.744692	0.258395	-1.67051	-0.826244	0.979107
2.39166	1.5516	7.87448	-0.896844	1.55603	-0.516304	0.55745	-0.502922	-0.297841
1.32828	9.54811	6.68316	1.96078	-0.234899	0.460806	-7.65347	6.15243	20.917
0.876814	5.81491	9.17377	0.129951	0.766062	0.253686	5.384	-1.50636	-0.446472
2.94712	9.76837	5.73226	-0.0909705	-1.11724	0.545649	7.75173	-5.99424	1.11984
6.22878	9.96804	8.28471	-0.829286	-0.615554	-0.495292	2.16524	-7.5959	7.73308
5.21607	0.0144671	3.05816	1.9715	0.326888	0.49903	12.5412	-0.39899	4.4581
3.60176	7.09484	4.04924	-0.550955	0.185743	2.35109	-0.146281	6.65486	4.64222
7.33278	0.418907	7.67521	1.23848	0.919891	-0.823481	-0.932409	-8.94169	-2.51883
4.95172	5.3923	5.51014	-1.77502	1.0603	-1.62952	-11.1896	-1.844	-8.60742
6.96908	8.53474	4.36108	-0.777449	-0.304741	-1.35923	3.13517	-2.05964	-2.48325
3.41984	4.81638	5.46575	0.345833	-1.14701	1.25762	-12.4266	2.54819	2.05263
2.40336	5.92528	7.56065	-0.00197858	0.145329	0.0381225	13.2718	23.2326	-2.45627
6.60821	6.83914	6.7967	1.20758	0.332352	0.00334101	-11.5334	-23.9908	1.16073
5.07758	8.36648	6.2225	-2.33674	-1.51154	-0.859197	0.848382	28.8137	-12.6562
8.31777	0.046441	6.86983	-0.595687	0.54713	1.51988	1.98246	2.38738	0.196785
2.16656	8.64533	8.10586	0.228893	-2.05619	-1.35546	18.7242	-6.5616	9.60141
5.87312	1.7978	8.02736	1.1925	0.121464	1.41567	29.2813	-12.666	-27.0362
9.2897	1.57085	3.17565	-0.232332	1.4436	-1.15613	0.613117	0.569559	-1.15048
1.47207	3.38094	5.10278	0.913206	0.13215	0.0675401	9.11581	-2.06536	10.0313
1.3802	0.184657	4.34928	2.02438	0.401975	-1.1684	-0.596132	-3.62907	-3.35532
8.76039	7.41126	4.97514	0.0816054	-0.133918	1.40219	6.41332	-0.445806	3.91918
1.32606	9.451	0.206108	-1.11111	-1.31427	0.0721717	-0.893479	-0.72654	1.30592
7.60779	9.61305	3.61306	0.902098	1.09371	-0.126035	1.60861	-4.04582	-3.94507
4.16658	8.79527	2.32158	1.2733	2.27672	-1.573	-1.50555	9.24724	-0.201758
3.64686	6.03468	8.32665	-0.67233	-1.17092	0.685123	-0.817522	-2.69881	-4.45623
9.24938	6.43319	9.29278	1.79456	-1.52147	0.791576	-2.4775	-0.399515	4.21236
6.50191	0.417009	3.41079	0.110228	-0.70356	-3.1737	0.736956	-2.06736	-0.0878318
5.46615	3.29484	1.68618	0.322422	0.365917	-1.16721	3.18198	15.9388	-11.0791
5.65831	7.5054	3.00908	1.24295	1.94255	2.52584	2.90597	-2.87397	-1.4414
1.40151	0.537689	2.02809	0.0998054	-0.747059	1.44162	-8.56004	4.87157	4.90591
1.07758	7.0488	1.696	-1.08855	-1.00867	-0.0909116	-6.59572	-28.5732	0.920104
6.59578	5.57421	0.14783	-2.2587	-0.867643	1.67041	-16.7349	-10.6204	2.40391
2.38669	3.66797	6.32679	-1.73273	-0.901779	0.721322	-2.29472	1.39167	-2.14828
9.54814	4.90582	1.28023	0.525914	-0.766191	-2.72822	0.050332	-3.08934	4.4662
7.57772	7.39137	5.3545	-0.0740471	0.523737	-0.568437	-0.577352	2.10795	0.230695
3.56786	2.76379	5.58089	1.10474	-1.07105	1.51584	-1.25995	-8.41046	6.47006
6.69673	5.88961	2.4925	1.09113	0.198641	-0.390208	24.9313	-23.5349	-27.7038
3.78894	3.56998	9.88731	0.310658	-0.218848	0.84899	2.80339	3.30449	1.94431
3.95293	6.20472	7.24621	-0.140579	-1.37992	0.0257475	-6.67945	-2.72219	9.61394
0.160843	8.83454	9.74653	1.16501	-0.599958	1.23192	12.1974	20.2184	11.7359
4.42065	3.85471	2.62416	-1.83667	1.84431	-1.3621	-46.2636	-31.8307	-1.70026
7.1166	4.41765	6.16179	2.24008	-0.141932	1.04555	-0.724638	-0.489786	-2.27209
7.00223	9.78558	9.76853	0.906054	1.47235	0.377697	-0.561194	2.12195	-2.35366
5.42585	3.63118	6.91661	-1.13195	-2.27056	-0.0719891	-0.139518	0.481529	-1.04187
9.33835	3.85028	3.03119	-2.0982	2.93669	1.2587	-2.38622	-0.169605	-2.75506
7.45289	6.07131	0.368212	0.807842	-1.68806	0.0721145	10.4732	-1.94218	19.4278
9.42675	0.260436	2.03606	0.686799	0.877108	-0.172761	-5.40232	4.47636	-0.337652
7.22638	1.13517	4.06198	-1.46447	-0.537896	-0.408406	-0.204001	0.238483	-1.99194
1.93658	7.84414	5.29906	2.4106	0.899096	-0.632511	-3.8469	8.13568	1.64836
4.39193	2.15	8.13107	0.694185	1.01138	-1.01434	1.6758	2.85115	2.46097
4.86384	4.29528	1.5495	-0.766659	-1.88104	1.26052	9.10851	13.2058	15.2543
8.71194	2.17248	6.42582	1.20201	-0.38064	-0.618007	8.3642	-35.4353	2.76323
8.74464	0.655939	0.821795	-0.101372	-0.00632706	0.179495	-0.809269	-6.69438	15.56
5.68527	6.24825	8.31506	1.10729	0.771989	-0.0635339	8.19823	7.55355	-3.3227
7.87917	3.35579	0.0850468	1.07307	0.234928	-1.11418	-7.66476	0.806012	4.40986
0.31224	2.21616	1.01929	1.80052	0.25964	0.508893	0.137039	-1.48418	3.38939
5.93521	2.86032	2.51225	1.7645	-0.94127	-1.91178	9.97823	-24.5936	-6.28471
2.74867	5.82312	4.7325	-0.257952	0.352302	2.08608	1.2309	-0.460141	-1.60297
7.31777	7.11138	3.31241	-2.68854	-0.910056	0.301359	-25.0653	27.8365	8.50287
4.76218	3.78226	9.03829	-0.299742	2.28617	2.06161	9.60693	8.70084	14.9658
6.39134	6.66984	5.64383	0.369985	0.127893	0.304649	1.59958	-2.87456	3.96152
4.86772	5.94701	7.60195	-0.157947	1.03895	-0.695978	16.1237	-7.46426	5.2359
7.07487	9.693	1.73231	-1.08775	0.422937	-0.639336	5.44237	-12.4141	-8.54025
4.19302	1.57129	6.08482	-1.53711	-0.0519261	0.0735811	0.385794	-0.66579	-2.77842
6.79994	9.18539	2.60798	1.76848	0.749156	0.197676	-0.481066	-2.79418	7.19404
1.79211	2.37887	2.7383	-0.681602	-0.33308	1.32971	-10.2765	-9.88145	4.37162
1.61108	5.43142	6.61841	-1.14209	0.0791605	0.772272	-8.50144	-34.2038	4.98868
8.88988	5.69523	1.29524	-0.376029	-0.169608	2.06024	-20.3218	5.37828	22.9865
5.27147	3.94946	0.558544	0.927383	-1.14672	0.290516	11.6907	2.61338	-3.90568
1.84257	8.20569	4.24004	0.717083	-1.82536	-1.94508	20.781	26.3567	19.446
9.84687	5.74473	2.84151	-0.621247	-0.306669	2.18021	-0.496747	15.2661	10.2892
9.74437	1.63186	6.03538	1.6735	-1.06498	2.57399	2.01469	3.50276	-0.66682
2.48812	8.89566	9.85771	0.228394	-1.30688	1.17536	-2.00866	-2.03531	1.36494
1.13389	3.70137	0.84199	0.972134	-1.30538	-0.281014	12.384	12.4866	-4.28739
2.75612	5.35183	0.67677	-0.757083	-0.926945	0.517795	0.144113	-5.25891	-0.665334
8.27065	9.7215	0.569863	-1.49433	0.169083	1.45777	-8.6214	1.42578	-9.64786
2.21939	6.84652	5.46981	0.760664	-2.2331	-1.47481	1.21952	-7.82849	5.07219
6.77034	7.92216	9.03843	-0.293685	0.543272	1.96571	1.48295	-2.74973	-4.08173
5.93172	7.19729	8.94525	0.739929	0.737326	0.507603	17.6037	-7.06057	10.3475
9.16911	6.66636	2.48514	0.695436	-0.131004	-0.555744	9.06212	-7.16584	12.6456
4.38384	3.62101	0.975772	-2.02776	1.50276	-0.816607	-22.4545	-20.7135	-5.77378
8.34992	8.69293	3.89547	-0.871966	0.232137	-2.43677	-13.8559	-13.3712	7.72576
4.27107	1.07875	1.27821	-1.87374	0.0284928	0.18569	-5.74733	0.65228	-0.938525
3.90849	0.215354	3.73643	-0.491996	-1.12625	-1.4338	-5.97216	2.25968	17.2868
6.13611	2.04239	0.702818	1.43867	-0.882121	0.854784	1.97441	0.523275	-2.03618
8.21641	4.932	4.6276	0.162555	-0.896283	-0.304985	3.67131	-5.71829	-0.898089
9.93057	4.05217	8.58933	-0.907846	2.17881	-0.693434	0.0648847	-2.2095	-0.35799
9.88578	4.72627	6.9833	0.269283	1.0524	-1.97118	-0.988213	-2.46131	1.90928
9.51402	0.58053	6.26888	-0.478628	-0.839221	-0.941314	10.2989	-5.19631	9.47626
6.11048	4.19172	7.55441	-0.247341	0.895019	-1.25401	10.8519	-1.17122	1.96176
2.32195	9.14704	4.09855	-1.37572	0.158488	1.20297	9.63239	-19.0609	-7.29665
4.33684	6.38961	0.367684	-1.7792	0.837435	0.543842	2.7792	1.43646	-3.43322
5.15173	1.93126	3.91964	0.822039	1.56608	-0.0661984	-0.724263	8.93367	9.7769
0.291337	8.55658	7.3493	1.77282	1.11725	-0.143031	-8.88861	-7.69729	-6.86907
7.75803	3.10684	7.5868	-0.33881	-0.607606	-0.116478	-5.05634	-0.0561613	5.36532
2.94393	6.33181	1.09561	-0.061574	0.0611533	0.224005	-1.83272	18.0853	-39.0208
5.24966	0.944352	5.65731	-0.716933	2.56044	0.561717	6.35116	-13.6967	12.3214
7.42993	3.27216	6.41288	1.29385	-2.08634	-0.685106	2.6611	6.34696	8.41897
5.56676	6.35409	0.47945	-0.0712149	-0.469304	2.80991	3.33492	0.893131	13.0782
0.527051	2.18499	9.53374	-1.82416	-1.33573	1.95097	3.11551	-11.7008	4.45617
6.49971	3.47599	1.24258	0.446972	0.0145288	-1.39208	25.8392	-65.3923	-40.8219
8.68313	2.7928	7.18938	-0.117203	-0.0675964	-0.420123	14.1825	-15.9174	30.7554
0.300404	1.28516	0.396319	-1.19665	1.66169	0.237475	5.39829	0.101874	-8.1905
8.64048	0.59291	5.71325	0.0272143	-1.12004	0.381447	-13.4682	1.91395	-5.52273
8.3062	1.83844	2.56852	-1.99884	0.497863	0.859359	7.81618	34.3467	-1.23247
3.79183	9.72891	6.79801	0.406142	1.15434	-1.22461	-1.9172	0.466509	-5.90519
8.03385	0.893974	2.59259	1.42769	-0.119123	0.48714	-8.94877	-25.7322	7.8508
2.12553	4.1331	4.21381	0.746726	-0.0630268	-0.785179	4.15313	-1.25696	0.817805
8.01512	5.20488	5.72021	-1.69624	1.43217	-0.0209845	-5.65771	-1.02471	-7.65421
7.06572	4.87344	8.0637	1.89221	-0.333686	0.877579	-8.93614	5.44399	-2.88712
6.43751	4.24657	9.06288	-0.921714	-1.44948	1.3984	-12.7277	3.19875	-18.742
1.92547	1.18935	6.09993	1.03341	-2.44646	0.150813	29.9223	6.46047	-45.2357
8.74425	1.97629	0.879922	-0.733287	-1.59321	0.914887	-0.178884	0.167049	-1.56346
3.34964	5.24858	2.73083	-0.615315	1.69614	-0.568306	3.86295	1.78394	-9.52661
3.54431	3.56547	4.89048	0.836777	0.720233	1.26278	0.281495	7.83491	-8.0858
6.61305	5.96654	9.1688	-0.111221	-2.50805	2.21233	-11.8038	-18.3904	-15.2282
6.86228	3.97091	3.59541	0.564991	-0.876442	-2.02296	-5.79949	-4.06036	-5.95234
2.34129	6.08548	6.54576	1.00711	0.350624	2.57504	22.6781	31.4761	-14.8103
3.32412	8.52827	8.63359	0.89478	-0.283078	-0.736632	-2.27235	-2.10762	-0.60597
1.76137	7.25811	2.57588	-1.63496	-0.862257	0.908767	-13.6661	-3.02945	4.66016
8.22145	1.88394	7.63387	0.629385	0.147166	0.797903	0.188014	3.61022	-1.49082
7.11318	1.87762	2.23103	-1.34675	-0.801219	-1.24168	-3.9647	0.56321	7.20508
0.523791	9.51129	7.71836	3.4827	-0.139811	0.583233	6.10129	12.5794	18.3449
2.99988	7.10432	8.61029	1.56013	0.321908	-0.96319	22.8014	2.11042	6.72849
5.35676	2.02389	5.91857	0.34967	-0.143108	-1.10211	2.7912	-2.70973	8.65456
9.98054	7.09484	4.76784	1.22091	0.409322	0.226695	0.175595	-1.43177	5.18399
7.7756	1.82736	1.37294	-0.96554	0.382042	1.45876	0.0399145	-4.71589	0.0821469
3.19438	2.23893	6.68791	-1.13992	-1.03347	0.805676	-16.1279	-22.7226	-10.1848
2.3527	6.73147	9.56183	1.0749	0.287814	0.508292	6.34589	7.89871	-6.19513
2.87843	8.47687	2.15398	-0.663292	0.273789	-1.59503	2.51474	6.53351	-0.0797599
4.1837	1.21597	3.3392	-0.00772562	-0.0457019	-0.805771	-21.7796	0.381644	7.07443
3.66579	4.16542	7.64075	-0.688935	-0.427278	-0.515156	1.54848	0.170186	-1.49896
5.48343	2.51326	4.97932	-2.02502	-1.26153	-0.720154	1.3941	5.84971	-9.0482
9.5583	8.3421	5.06451	-0.912586	-0.586227	1.40952	15.8403	-7.1109	-10.8503
0.279362	3.5398	2.49143	-0.975337	0.0909855	-1.95257	5.22232	1.9906	0.123508
3.63926	0.257595	0.670856	0.962234	-2.40996	-2.62465	-0.780388	-2.62625	2.91376
3.5944	6.22121	3.48427	-1.25671	0.146243	0.632184	-6.43168	-14.4878	-6.79374
8.78705	7.80894	8.85561	1.90129	0.368367	-0.441467	-17.2606	-4.56051	3.23388
2.24876	7.88787	1.21202	0.245696	1.04497	-0.956093	2.15756	-0.324205	2.44014
3.32434	7.52198	5.66624	0.585756	-0.176243	-0.443935	-2.88965	-0.573755	1.29581
8.40913	7.32127	0.85672	-0.309851	0.117591	-1.37221	-2.9826	12.6254	-29.4969
8.45403	1.0432	3.74793	-1.62927	-1.21561	-0.788652	0.573503	1.39846	-1.81607
5.61396	6.33555	2.13177	0.0286852	-1.31233	-0.351932	0.459706	-0.923686	-1.38089
5.78783	1.95059	1.73959	-2.5126	0.09928	0.0259166	46.0189	53.4676	-9.36055
8.70897	6.57107	4.1459	-0.770885	-0.504122	1.16207	-29.3333	8.15907	22.5402
7.14479	0.926281	1.85376	0.17572	-0.406267	1.57538	10.2263	5.9203	-2.25456
3.01719	6.04176	2.01649	0.463508	1.42264	-1.71521	25.2535	-14.3502	13.6783
6.83225	6.50756	4.09126	1.04844	-0.23145	1.28774	1.7482	-8.90011	-1.93525
5.56851	0.7193	8.71011	2.45178	-0.162529	0.731137	-9.12928	13.1892	-19.8779
5.77905	7.46948	6.65594	1.00631	0.417662	0.202049	30.145	-33.1239	-22.4382
7.42871	2.61279	5.61928	-0.606129	0.135646	-0.539132	-3.10438	-9.44948	-9.87814
5.77277	3.68613	3.05015	1.16443	-1.52885	0.380928	17.6978	-1.13657	26.8283
1.9007	9.63284	3.31502	0.332796	-1.05397	-0.00106802	-20.7595	12.0085	-8.88208
6.22918	7.73998	0.579431	-0.745225	-0.779353	-1.48311	29.795	58.0373	-73.6004
7.56402	0.230398	5.30315	1.14454	1.56744	-0.706361	0.724153	1.08026	3.75301
0.924419	5.59805	0.511806	-0.134631	-1.30477	-0.36159	0.302496	0.232167	0.18377
9.31222	5.94745	0.425706	-0.624595	-1.30956	0.2039	10.0648	-15.8655	-20.0382
1.69135	1.23086	7.04342	-2.76656	0.460321	-0.0776528	-5.64649	17.963	38.0933
6.4574	3.34849	5.74248	-0.552383	-2.90489	-1.28846	1.77978	0.465059	0.501847
2.05472	5.47551	1.94011	0.288149	-0.087507	1.30897	-0.909537	1.41886	5.50228
0.312185	4.20993	1.15131	1.57648	2.44847	-1.34373	-6.18273	0.694213	7.93952
7.82578	4.18066	8.27997	0.247283	0.313143	0.306018	6.59788	-9.96813	-0.652777
5.14808	1.27634	1.87983	3.40775	1.81143	1.22782	-49.0705	-46.4149	32.1779
4.71965	4.94609	6.41263	-0.775989	2.13679	-2.16871	18.4701	-9.56274	0.235785
6.1477	8.40087	6.32829	-0.219772	-0.231635	-0.856402	8.2359	6.38817	0.549755
5.96064	3.47933	4.13282	-0.139891	0.0563114	0.00400607	-6.49587	11.3232	5.37642
9.51063	7.64182	3.97845	1.04582	0.777064	0.502848	-3.2008	-2.66556	0.956246
6.21388	4.23296	1.70701	-0.68166	2.67996	-1.7192	-26.9784	64.4064	40.4353
2.42641	6.16121	2.78997	1.17968	-0.248904	0.961003	-22.0606	4.31167	29.1369
2.56077	8.55527	6.07497	0.166422	-1.94613	0.0759426	5.15784	-6.94175	-13.1909
2.06775	3.8771	8.88305	0.245232	1.09174	-1.25615	-12.5243	64.5292	14.0263
2.04623	6.89472	8.35606	-0.0129367	-0.167712	-1.01198	-19.9071	2.76703	-1.6503
0.157798	8.45828	1.14044	0.899784	-1.26177	1.26826	60.7773	5.49346	21.5928
9.54484	0.293425	3.19743	-1.29644	0.685358	-0.0504199	-31.2418	9.08352	-20.4519
5.09386	4.56544	7.58748	1.3837	-1.50893	0.712094	-3.84211	2.17787	-4.3284
4.21288	1.78588	2.44474	1.11068	1.27879	1.61749	2.81383	1.89055	-6.5793
1.3553	8.43292	3.21939	-2.02665	-0.352963	-1.98437	1.37285	0.377366	-4.68768
4.89684	5.7135	8.7648	1.86358	-0.184319	-0.284416	23.7265	36.647	37.7068
2.36082	8.89005	7.02658	-0.433563	1.48622	0.23648	-5.74772	8.92776	11.3108
9.25247	4.47924	5.03303	0.0612106	0.916156	0.628766	0.250004	5.07045	1.9476
9.50732	2.34276	2.07715	1.88642	-0.0666763	0.636728	0.750893	-8.81902	3.18908
0.600015	8.14897	4.31522	0.964826	-0.226029	-0.120699	-6.45691	-1.24609	4.28751
8.96258	1.12339	7.32023	-2.71627	-1.19186	0.257195	2.73074	-3.42899	-3.34798
6.11579	7.40542	7.79968	0.322692	-2.46894	0.21619	-1.96597	-3.03988	-1.22785
1.13412	0.638541	6.38668	-0.40682	0.580574	0.820819	-25.4234	-23.9709	6.52566
1.20734	7.02683	6.13623	-1.80257	0.721017	-1.55907	6.84668	9.79658	6.30802
1.80583	4.90931	1.05077	0.0427541	0.52344	0.415507	-2.82824	-4.26342	-3.10201
9.55376	6.61835	1.40772	1.07642	-0.101728	-0.13079	-0.830385	-0.0363365	2.51208
0.73089	4.14315	9.61845	-0.951153	-1.652	2.51686	2.93379	-1.59722	0.142976
4.3798	4.54301	5.2182	-0.460151	-0.897846	1.59235	14.4071	-8.95881	-5.47451
5.0762	2.38611	0.547798	0.924055	0.323236	1.37768	3.17683	-0.0507761	5.3996
0.15015	2.58543	3.06184	0.298075	1.19023	-0.535732	-16.5715	-1.56503	-9.19512
6.14586	6.41008	3.09409	-2.6896	2.61513	0.0437502	-23.6801	24.1877	29.7209
0.00935993	9.57989	5.28445	0.023212	1.10707	-0.0574961	-12.4385	14.4921	0.438921
0.345459	7.92513	6.17182	-0.9248	-0.564758	1.34307	2.036	-2.11195	-0.548619
2.79308	5.28992	8.61859	0.56823	-0.981604	-0.0702101	-9.40971	6.10343	21.6242
6.37084	5.63595	7.39275	-1.98199	1.28609	0.685622	-32.474	-28.1408	-56.3197
6.42321	7.27921	4.69335	-1.51343	0.0953527	-0.173527	0.107397	4.54203	4.087
2.13569	3.32489	0.619551	-0.652935	1.87992	-0.660656	2.48213	-1.34037	-3.05563
9.60306	3.44933	6.95023	0.624654	0.122053	0.867942	17.9481	5.92856	20.4304
5.87198	8.8865	9.26329	-1.27747	-0.929225	0.744454	-18.1921	5.33206	-15.6806
3.02516	9.63303	2.27474	-1.27007	1.43331	-0.72285	6.31465	9.49147	-15.9662
8.36239	8.2057	9.8147	0.317284	0.861921	-0.327689	2.32721	0.832885	2.01286
8.04607	9.18266	2.50877	-0.402419	1.00109	-0.924613	4.08846	16.4036	-9.05645
2.76993	7.4489	2.44705	-0.358339	-1.64294	-0.870453	12.3934	-4.81593	1.51871
3.25798	3.19953	1.78379	0.062991	-0.910857	-0.50299	-45.9332	11.9611	-49.6848
9.59665	2.20768	5.04189	1.6031	0.121688	-1.68422	4.54031	10.6695	14.1969
6.78774	6.01633	8.14668	-1.21839	1.51319	-0.0128694	27.5925	26.2639	41.1619
9.63331	9.27126	0.757346	0.29922	0.856398	0.672893	23.4803	71.8508	-7.27905
8.15585	9.44639	8.20444	0.023338	-0.805726	0.594503	-23.9129	-2.03047	-52.2074
8.02278	1.64814	5.25376	-0.0787528	-1.3387	-1.85536	1.9244	1.5446	-0.176467
4.81862	7.03211	7.37471	0.0442078	1.7999	-1.50975	-0.181693	-1.80357	-0.881239
5.23375	8.04146	7.1976	-0.91788	0.01683	-0.92408	-24.6794	27.7578	40.8174
8.99713	4.54971	7.85395	0.173989	-1.76093	-0.660183	-1.07738	-4.04349	0.544221
7.56403	6.48851	6.36888	-1.26059	-1.13867	0.961328	1.33196	-0.0255465	-2.23028
3.78787	2.97545	6.98717	-0.785987	-0.594257	-0.759497	16	23.6256	10.5584
8.19447	3.07946	2.78704	1.88326	1.86463	-0.545575	13.7289	0.66314	5.63288
8.85503	0.17299	8.3983	1.17097	-2.2163	-0.821701	12.0487	9.04709	3.85452
5.2138	4.38542	2.64826	-0.406457	1.08973	-1.30269	26.4984	55.3775	-11.8578
8.47189	1.05306	9.91949	-1.34915	-1.94761	-0.232162	-14.9824	17.3761	3.63327
3.05717	5.06591	3.70556	0.420025	0.529562	1.40183	-15.3718	6.95736	2.19984
7.15724	8.97513	5.37432	1.54171	0.688561	-0.703206	1.3959	1.8354	3.73821
1.18666	4.19915	2.19128	0.028979	-0.243904	1.11571	-3.6337	-14.2282	-11.9817
1.04638	5.03454	7.87761	-1.7839	-0.608065	-0.682511	-24.8981	3.72924	1.99749
5.37562	4.27337	5.8287	-0.0549326	0.720547	-0.245086	-3.20233	-0.113346	-3.29282
1.24109	0.454861	3.07212	-1.88222	1.28664	0.5	-3.67011	3.15748	9.1155
0.669635	1.48596	4.13162	-0.0291548	1.55808	1.19571	1.58348	-1.20174	-31.7831
7.05158	9.31522	8.54897	-0.598083	-0.415731	0.46851	-2.60791	6.44545	4.84668
8.11911	3.01635	9.09516	0.921872	0.180925	2.61075	-2.09523	-1.1921	-3.00479
7.63781	8.46258	8.41679	0.296384	0.541086	0.631972	7.36761	-9.76409	0.256021
1.30656	7.52696	3.81309	0.662698	0.120737	-0.637309	-18.3871	-39.2544	-32.8445
7.10563	4.09542	9.79647	1.22046	-2.05085	-2.11743	13.2115	-23.8951	-10.1286
9.38746	1.53328	4.31117	2.44027	0.256324	0.433095	-5.26268	-1.85808	-16.5271
9.45419	6.45573	3.52616	0.150487	0.734242	-0.784436	39.6933	13.2391	-10.3541
2.60924	1.23456	1.15374	-0.397918	1.82171	0.287105	-3.47825	-6.40814	0.814326
4.95177	0.685982	7.07001	2.22605	0.0738018	-1.219	2.72665	-0.0744669	-2.526
3.31334	3.04832	3.59345	-0.992822	0.542632	0.111922	-12.1589	58.6056	-26.2835
4.2215	0.0411998	2.78418	-2.03396	0.170168	0.0259603	-10.2833	-1.80226	-19.9843
2.88702	2.16979	3.37107	1.51755	-1.17511	-0.549741	-11.1318	-18.8284	-5.1739
3.85835	7.71096	7.97442	0.767732	0.320229	2.14976	0.632546	-1.49578	2.28652
6.2423	4.66248	4.13175	-1.55652	-1.07746	-0.216831	-3.93597	2.61591	2.00314
8.9501	4.13562	4.05917	3.28458	-0.471791	0.43258	3.7978	-37.1925	35.0145
8.52383	2.64091	5.57951	0.124346	-3.05823	-1.33886	-9.69073	5.0596	-38.1322
1.86861	0.259574	7.34725	0.400047	-0.124512	0.275959	-6.15128	-8.51189	8.06189
0.811386	3.24743	7.62683	-0.955647	0.892318	0.927695	-15.2264	2.26586	-26.7069
9.68505	4.79266	2.522	0.116448	-0.0260769	-1.51696	2.92098	-13.98	-4.60242
8.01447	6.47758	3.0668	0.799681	-0.860538	-1.32291	32.8537	-14.7458	21.287
0.223761	2.51019	6.83723	0.970998	-1.31154	-0.791038	-10.6498	2.22341	-6.04312
3.83283	8.01633	0.150072	2.4659	1.63884	-1.16794	2.27934	3.02558	-0.913939
6.61741	3.12646	7.25599	0.677716	0.687638	-1.17275	-5.6031	-3.94076	-5.50187
8.48265	3.71881	6.96155	1.45665	-0.13002	-0.21261	-34.6254	57.1013	32.6994
1.50979	1.99157	4.66856	-0.622076	0.383035	-1.31841	-5.9696	21.26	-6.12597
0.643479	6.54247	4.00666	0.832318	-1.90423	1.07155	-0.111598	1.60469	-2.17154
3.14233	5.17559	7.69184	1.37117	-0.761282	-1.66459	16.4076	-5.48445	-22.9506
2.73567	9.49968	1.25316	0.249245	-0.369717	1.58562	-4.12626	3.68077	-3.23681
7.53122	2.17228	0.0232363	-2.59856	0.297333	-0.177045	1.04343	-1.50256	-1.6222
5.34936	1.90286	8.83117	1.44744	2.15228	-0.62856	-11.1426	-5.30787	20.7876
1.75844	5.90417	8.35704	-1.18621	0.961946	3.61217	0.125668	-20.5196	25.1455
8.79776	4.80689	3.39497	1.693	-1.17812	-0.127015	-4.89849	11.2139	-32.2145
9.73349	8.82522	6.16468	0.309123	0.981079	-0.730967	-0.275411	-0.27672	1.19363
6.11788	5.444	1.57999	-1.00499	-0.0556212	0.774386	-1.08499	-0.51644	1.60705
8.90903	9.16438	7.44412	-0.942177	-1.25371	-2.0554	1.36255	3.62977	-3.28173
1.18222	7.82826	8.1985	0.34868	-0.865906	-0.411978	2.39416	-3.19427	1.93972
6.83541	3.46638	8.24988	0.650777	-1.48885	-0.445453	3.78919	6.15067	1.90288
6.31126	0.362491	1.81957	-0.11049	-1.30599	2.16155	-29.8225	0.229198	1.75783
1.24367	2.70973	0.672357	-0.5692	1.39919	0.634845	1.19107	-23.8117	-8.63969
5.02572	6.42235	4.88855	0.866121	-2.56159	1.10864	-1.35114	-0.507412	-1.73764
3.23846	0.175587	8.65358	2.27648	0.418359	0.863259	13.7347	-6.2829	4.62679
2.85149	0.542286	4.994	0.000866527	2.10919	0.221433	-45.8988	-6.92643	19.0459
1.84087	4.23509	7.16755	0.376667	-1.16067	-1.27776	-3.31956	-10.9478	-11.3235
3.35562	4.14815	6.46805	0.00674591	0.357393	-2.36586	3.21527	5.26673	0.723246
5.77255	4.78369	6.64372	-0.780058	-0.676607	0.343128	6.89721	-4.84116	14.5426
2.45439	3.0593	4.54811	0.462736	1.29067	1.13149	6.73062	1.5838	6.2447
3.52314	6.69676	6.4706	-0.0388672	1.5959	3.11988	-8.705	8.68212	-15.2446
1.53881	3.22423	9.69563	-1.2772	2.13957	0.975033	-4.62586	0.635624	-4.58959
9.19704	8.38466	3.27291	-0.914951	0.0478879	0.904251	-7.70283	-8.56515	-5.6443
5.33933	7.25954	9.97865	0.0341973	-0.939875	0.663512	-0.694439	5.01905	-4.58504
4.80884	1.63618	5.06008	-0.490144	1.89936	1.58435	-11.9687	8.46745	-15.3084
7.15449	7.68583	6.72714	2.47242	-0.0467266	-0.116132	7.67019	20.5187	-6.71259
9.63236	8.03213	9.47695	-2.04412	2.29239	0.633275	-10.9772	-18.2215	-0.158724
3.93628	0.455261	5.86347	-0.0341743	1.59029	1.84207	-5.20288	5.35885	-0.577991
8.36763	9.31841	9.13074	-0.0668976	1.57161	0.485964	10.6692	-7.46833	48.5814
0.672564	2.92618	4.53133	-1.00188	-0.477825	1.60899	-13.4474	-30.6145	6.60987
1.1115	4.99427	5.51932	-1.56839	-0.554497	0.583646	1.74646	1.48755	1.51662
1.85997	0.398255	1.12298	1.41914	1.18267	-0.41346	5.94019	-3.56989	-12.5133
2.31181	0.49093	2.66281	0.350106	-0.407632	1.30435	2.47508	-3.05922	3.55336
1.25952	8.76338	7.68586	0.723646	-1.69239	0.0835386	-2.90475	3.7148	-11.2836
3.88259	8.79017	5.9402	2.66006	1.16376	-1.63811	-21.8703	-28.3966	17.1771
6.48421	7.70957	2.09741	-0.185942	0.724637	-1.2482	-1.27357	0.75772	0.989907
9.80388	5.45426	5.293	1.69501	2.64767	-1.21991	0.420588	2.18174	0.0479139
7.26276	3.97573	7.19915	0.105059	0.853167	0.259418	-0.0601782	12.8883	6.71403
5.16428	2.94208	7.86204	1.14471	0.188438	-0.678785	-4.31587	9.13339	9.61214
4.16897	5.75407	4.64668	-0.702595	-0.497371	-1.36092	-0.0319942	-5.26626	-1.51244
0.617476	8.65835	8.74631	-2.00562	1.434	0.774024	-7.23187	3.68638	-8.74603
8.88791	3.35208	0.412058	-0.527378	-1.391	-1.93644	4.72654	0.881007	4.06449
1.21233	2.24423	6.94473	0.145159	-0.0629249	0.575665	14.8561	4.52676	11.4104
8.83463	4.43978	9.94042	1.06243	0.339839	0.510345	-2.20794	-0.858704	-0.756
3.55153	8.96328	0.793988	1.39101	-2.07892	-0.0273036	1.71322	-2.885	-0.336391
2.64078	5.11497	6.22193	-0.06295	-0.565858	-0.717682	3.71668	-5.86681	3.62292
4.6082	2.92984	4.2231	0.518738	-0.388487	1.67459	2.34766	6.75375	12.6306
1.10997	3.75061	4.20063	-1.75373	0.580458	-0.255176	7.59425	25.7939	-20.915
5.72556	5.80789	3.94473	1.49805	0.0271256	-1.43868	4.18307	8.34005	0.596029
0.979389	6.26004	7.8065	-0.0645468	-0.470836	-0.333606	-8.99902	3.22146	-9.93106
8.13186	6.24957	9.6221	-0.449255	-0.940477	-0.117141	9.83059	0.944813	-12.3037
4.77577	6.97048	2.60404	-0.615265	1.9748	1.25393	-1.32185	0.85575	-7.58783
2.04039	0.901373	3.77196	-1.71478	0.927065	-1.12313	-8.18827	4.33408	0.28147
6.83772	2.00862	8.82324	-0.769828	-0.493719	-1.3274	-1.43314	-0.361381	1.29865
3.76797	4.64344	4.30121	-0.93428	0.296014	-0.39101	11.2225	-5.91761	11.9025
5.98638	0.390939	9.56416	-0.015304	0.568062	-0.779075	1.68326	-17.9731	11.2647
5.78173	8.78416	1.76641	1.44206	-0.319402	0.0716403	3.92803	-0.295088	5.52663
1.09601	7.21768	4.7817	0.619833	1.4455	-1.81839	-0.129294	1.10362	12.6425
9.22335	0.521162	9.49957	2.37103	0.827125	-0.561315	14.5172	-12.9466	-9.82486
4.70741	5.68105	1.1133	0.231599	0.720117	-0.335591	3.69851	-3.05964	0.499871
6.3647	2.69534	3.60525	-3.25026	0.189996	-0.00580834	2.54916	-10.3359	-11.2892
5.23467	9.28582	4.42349	-0.309352	-0.434244	-0.411228	-1.72728	1.12557	-1.00196
1.8592	3.02567	3.68839	-3.00533	0.935857	1.74068	20.6478	18.0255	-0.650523
3.69882	4.50313	0.763649	1.56875	0.993926	0.126715	13.98	5.19344	-4.98849
0.423098	0.0236981	1.06452	1.51165	1.91165	-0.655506	6.92115	9.29702	-8.61726
4.25412	8.85839	8.08633	-2.63416	2.55441	-0.612494	0.252329	-2.72407	-1.12286
9.55671	1.27023	1.13205	1.52558	-1.74318	-1.56298	0.487168	2.70312	10.3104
9.63641	0.547958	4.5398	1.03288	-0.0308725	-0.711776	5.84597	-10.0712	2.78758
0.788004	6.02716	6.66233	-1.25355	-0.456346	1.96977	-11.5312	11.8219	-0.672007
0.945183	1.64205	6.14602	-0.406616	-1.8613	-0.714844	-9.22925	2.36521	-9.31168
5.77064	9.90888	6.31074	-0.0535496	1.25354	1.25338	2.24316	2.45999	1.11325
3.76095	6.99629	1.75361	-2.17805	1.19819	-1.45003	-3.14645	-0.940877	2.97261
6.44886	2.00128	5.42589	-1.07557	-2.28564	-1.72423	0.716406	17.9963	-14.9773
7.87397	5.95685	8.16375	-1.64085	-2.86341	0.465457	0.722685	0.581666	0.835378
2.90173	7.47389	0.296535	-0.642262	1.18258	0.216119	-3.95046	-2.54503	1.24563
8.25365	3.30506	1.64008	-0.9297	0.961219	-0.594648	8.6244	-9.83769	-1.125
5.21088	5.00557	4.37409	-0.0597998	-0.150158	0.661896	-7.53551	-2.87404	9.88844
0.282308	1.98769	8.12909	0.940091	1.33696	1.33901	11.1544	-8.66702	4.63887
1.21402	5.08185	2.71237	-1.08561	-1.51636	1.37941	7.02089	5.42011	12.9552
7.74721	0.935694	9.16267	-3.24169	1.53553	1.19683	-7.8002	-0.957052	-5.65591
0.327653	3.15845	9.2729	1.43895	0.857711	-0.143786	0.473587	13.8919	-5.77908
7.5564	8.50018	3.07482	2.33502	1.64562	-2.06187	-5.77572	-13.89	13.8677
0.343622	0.124867	3.73268	-1.5782	0.872215	-0.855838	34.2675	-6.8586	22.0996
6.34165	1.496	3.32608	0.881167	0.556333	1.07422	-3.43229	5.65979	-0.935207
2.67398	0.0496042	6.72372	0.294123	1.11864	-2.83524	1.7615	-9.61909	-2.73694
3.68787	8.7393	3.55244	3.31976	-2.57699	0.759441	7.98309	0.33915	-1.22226
6.34738	1.26367	6.09693	-1.0259	-0.434511	3.43343	-8.91432	-18.9211	14.7442
9.91301	9.69578	6.92893	0.425063	-0.348661	0.627529	-14.0924	-9.20477	-21.1036
3.65644	4.13855	1.80856	1.14793	-2.89532	0.343554	8.50844	12.9998	1.16161
5.25103	3.72513	4.9326	0.856453	1.32216	0.370461	-4.5969	-2.6795	-7.80912
1.76404	1.04379	4.91831	0.763853	-0.998853	0.397748	4.13371	-19.6846	8.83808
8.70009	5.34985	8.77256	0.156056	-3.51889	-0.154459	-3.19322	0.0646262	1.32358
7.0864	4.6422	0.612971	1.16186	-2.80869	-1.15951	-7.26737	17.3554	27.012
0.415002	7.21104	2.80099	-0.611575	0.387862	-0.691997	2.17594	-2.86951	1.20931
8.73043	3.36128	8.24923	-0.305744	-0.144074	-0.486181	0.521968	2.36188	-8.44749
7.42559	1.14499	6.02662	-0.45697	-0.845138	0.188622	5.10397	2.45777	-1.79064
5.82529	5.78945	5.20845	3.51094	0.909354	-0.712316	23.3572	3.55284	-13.4625
4.31455	4.94389	3.35685	-0.441726	-1.37054	-0.18801	-2.98354	4.37174	-4.27565
0.00381445	9.41094	1.77441	0.149499	-0.279289	0.0293999	-3.83419	-16.4877	10.974
4.59748	6.6165	3.58717	-1.31349	-1.36465	-0.337039	2.52784	-2.62954	9.21184
4.70658	4.96943	0.156431	-0.554479	-0.802829	0.251793	-6.85067	-4.87498	4.49159
2.78596	0.168003	3.79329	-0.640236	-0.228703	-0.618774	-4.96827	2.99705	-8.05306
9.31283	8.38998	0.687075	1.35638	0.425078	0.517641	-70.6821	-61.008	-46.2353
0.740616	5.03428	3.79838	-1.57363	1.18383	-0.197354	0.217528	1.65789	-2.36541
5.79524	5.75528	6.26847	0.994281	-0.769454	1.66298	26.6815	-0.968445	2.65654
1.17271	1.34729	1.07103	-0.506262	-0.549641	2.71044	0.797322	-1.1366	-1.57094
6.10579	0.660948	7.524	-1.0934	1.91609	-0.706071	-1.06692	9.3105	-8.25796
2.97726	1.05523	6.6154	1.39684	0.0318265	-0.750793	-0.0225525	7.69778	-3.10575
8.07206	7.64679	4.2042	1.26385	3.15265	-0.2685	-7.61062	-1.29671	1.22826
8.90139	9.39222	3.41159	-0.221619	0.11867	-1.61123	6.96487	18.1267	-12.0232
9.31094	7.18231	6.00331	-0.458838	0.757164	3.17582	4.14119	10.9916	3.72339
1.05341	2.48249	3.51949	0.273402	0.0583971	-0.745752	-13.1152	-20.2776	8.38425
3.81577	7.86441	2.66927	-0.265952	1.82846	0.855961	-5.63997	-7.97891	3.96174
0.578652	1.3767	2.7336	-2.09185	-1.47572	-1.20004	-3.40693	-1.70406	6.13848
7.9304	0.260054	1.76008	0.819105	0.557905	0.324694	24.3678	-7.34659	-9.33938
3.27264	2.03978	1.36611	2.21763	0.233124	1.38287	6.8442	6.74127	3.56444
7.03827	0.201502	6.36148	2.75659	1.37046	0.15749	13.2894	45.6054	-14.0212
5.76904	9.02424	7.84049	-1.61044	-0.339477	-0.190438	0.613956	-1.47441	-0.199621
9.03915	8.87231	2.24686	0.116738	2.62382	0.560134	8.04091	-6.23181	4.45873
0.129051	8.85226	3.18947	-0.00483383	-1.12757	-0.187957	9.84771	5.37917	1.02466
4.37089	5.15442	8.21502	1.25909	-0.344855	-0.201852	-41.0982	-38.4647	-40.0159
6.0453	5.16467	3.10592	-0.0786179	0.839661	-0.969632	-2.29282	-0.894418	-2.61582
8.39219	3.77898	5.08793	0.379409	1.26467	-0.933726	-0.582662	-0.505516	1.05867
7.25514	2.88121	2.41202	-1.33518	-0.317014	-0.246408	-10.9236	11.5774	-4.51082
7.26912	1.43736	7.97627	0.58674	-2.15387	1.83202	-2.6366	3.88178	2.14077
5.08598	7.34884	8.41128	-0.609224	1.32788	0.357036	-9.47151	2.60877	-17.6284
2.5206	3.05123	2.78611	0.0123715	0.662151	-0.87403	17.9871	12.9442	-2.83887
6.67967	1.03404	9.96314	0.208803	-1.22006	1.10182	13.2877	9.54265	6.21298
8.74308	4.48176	2.12387	-0.414216	0.150024	-1.81593	-4.58004	-3.1017	-1.78701
3.21366	3.84473	2.81678	0.977192	0.0364209	0.0889822	11.8257	4.74587	-2.03697
1.83151	5.51497	3.66211	0.224269	1.06868	0.444818	0.30157	1.65753	-2.66692
2.79276	1.77473	5.74917	0.865569	1.32491	-3.49494	2.91153	-0.885611	-2.17906
2.55215	7.57026	7.70974	-1.81911	0.703411	0.770248	1.55567	6.806	-5.99559
1.83483	4.99918	9.16409	0.372769	-1.64133	1.3808	-1.77626	1.61104	-3.67517
3.87469	6.15739	9.37058	-1.25996	-1.37485	0.779618	2.22911	33.8856	6.84
